1 0.48046875 0.4125 0.05 0.028125
1 0.6953125 0.415625 0.05390625 0.07109375
1 0.7953125 0.39375 0.04140625 0.0515625
1 0.6796875 0.30078125 0.0375 0.040625
1 0.55859375 0.69140625 0.0265625 0.028125
1 0.5 0.76875 0.06328125 0.0515625
1 0.49375 0.81796875 0.04296875 0.03359375
1 0.21328125 0.6546875 0.040625 0.0625
1 0.16875 0.8140625 0.03359375 0.053125
1 0.1859375 0.28828125 0.0296875 0.034375
1 0.246875 0.090625 0.02890625 0.05546875
1 0.59140625 0.3078125 0.05 0.05390625
1 0.8203125 0.79453125 0.02890625 0.04140625
1 0.7171875 0.75703125 0.06328125 0.04140625