1 0.6671875 0.6734375 0.07265625 0.0859375
1 0.86015625 0.634375 0.053125 0.05703125
1 0.9140625 0.325 0.03359375 0.03359375
1 0.5140625 0.21328125 0.034375 0.034375
1 0.6046875 0.24453125 0.04296875 0.0359375
1 0.23203125 0.4171875 0.0328125 0.05390625
1 0.12734375 0.32265625 0.0265625 0.04296875
1 0.1328125 0.4421875 0.04375 0.07109375
1 0.13828125 0.77890625 0.0625 0.03359375
1 0.24375 0.8359375 0.02734375 0.025
1 0.53515625 0.81640625 0.0359375 0.0390625
1 0.6625 0.88046875 0.03203125 0.03046875