1 0.35625 0.32109375 0.03359375 0.0390625
1 0.4671875 0.40703125 0.04140625 0.046875
1 0.36796875 0.43515625 0.0421875 0.06796875
1 0.15390625 0.43203125 0.05 0.046875
1 0.396875 0.7609375 0.0671875 0.04140625
1 0.784375 0.80234375 0.03359375 0.05703125
1 0.7390625 0.196875 0.04296875 0.02890625
1 0.8265625 0.21953125 0.053125 0.03046875
1 0.1671875 0.78359375 0.040625 0.03046875
1 0.1765625 0.8328125 0.02265625 0.02890625
1 0.23671875 0.7125 0.021875 0.021875
1 0.9109375 0.6578125 0.07109375 0.06796875