1 0.28515625 0.36484375 0.0375 0.040625
1 0.4046875 0.265625 0.0359375 0.0390625
1 0.8375 0.40546875 0.03046875 0.0390625
1 0.7375 0.659375 0.05234375 0.06796875
1 0.6328125 0.896875 0.02890625 0.04296875
1 0.2125 0.31953125 0.06328125 0.10859375
1 0.3609375 0.121875 0.03828125 0.04453125
1 0.278125 0.1171875 0.01640625 0.03203125
1 0.265625 0.06484375 0.01484375 0.04296875
1 0.6953125 0.2921875 0.01796875 0.05390625
1 0.52890625 0.35546875 0.0328125 0.05
1 0.5578125 0.30390625 0.0203125 0.04140625
1 0.70703125 0.56875 0.0578125 0.07890625
1 0.43046875 0.60546875 0.0828125 0.10859375
1 0.596875 0.56640625 0.06796875 0.1359375
1 0.03125 0.690625 0.05859375 0.07109375