1 0.36953125 0.571875 0.0375 0.06640625
1 0.371875 0.3734375 0.046875 0.08359375
1 0.4296875 0.17265625 0.0171875 0.04296875
1 0.4546875 0.23828125 0.01953125 0.0375
1 0.5515625 0.5953125 0.02109375 0.04609375
1 0.6390625 0.61484375 0.015625 0.065625
1 0.95625 0.4921875 0.03359375 0.09609375
1 0.88125 0.63828125 0.03359375 0.05703125
1 0.2671875 0.87265625 0.0390625 0.04296875
1 0.5546875 0.89375 0.02421875 0.065625
1 0.83203125 0.86171875 0.01875 0.065625
1 0.9765625 0.7234375 0.03125 0.071875
1 0.565625 0.75234375 0.05234375 0.0875
1 0.53125 0.5 0.0515625 0.03359375