1 0.45390625 0.48359375 0.028125 0.05546875
1 0.45234375 0.6578125 0.0296875 0.04609375
1 0.315625 0.634375 0.02265625 0.04296875
1 0.55 0.6265625 0.05859375 0.0640625
1 0.6578125 0.38203125 0.034375 0.046875
1 0.2328125 0.1265625 0.05078125 0.078125
1 0.796875 0.171875 0.0296875 0.04609375
1 0.8796875 0.44296875 0.05390625 0.0640625
1 0.85546875 0.8328125 0.0625 0.059375
1 0.63671875 0.0390625 0.05 0.03046875
1 0.05078125 0.28203125 0.0234375 0.09140625
1 0.15703125 0.32890625 0.05 0.11640625
1 0.5203125 0.21796875 0.06171875 0.14453125