1 0.43515625 0.57890625 0.021875 0.0640625
1 0.4078125 0.0546875 0.02578125 0.04609375
1 0.68515625 0.66953125 0.0515625 0.0890625
1 0.8140625 0.65703125 0.03203125 0.08359375
1 0.1703125 0.63125 0.025 0.04609375
1 0.1671875 0.81328125 0.0234375 0.034375
1 0.7328125 0.32421875 0.04453125 0.0234375
1 0.3015625 0.24296875 0.0421875 0.04453125
1 0.6015625 0.41796875 0.01484375 0.0359375
1 0.1953125 0.84375 0.04609375 0.03203125
1 0.1921875 0.96171875 0.01484375 0.04609375
1 0.1078125 0.58671875 0.04140625 0.07109375