1 0.553125 0.234375 0.03203125 0.040625
1 0.35859375 0.23515625 0.0203125 0.03203125
1 0.409375 0.296875 0.02890625 0.04453125
1 0.41328125 0.60234375 0.0625 0.05703125
1 0.3171875 0.69765625 0.0359375 0.059375
1 0.1390625 0.82890625 0.03515625 0.046875
1 0.2546875 0.93828125 0.03359375 0.04609375
1 0.51328125 0.640625 0.05 0.04296875
1 0.559375 0.90234375 0.02421875 0.034375
1 0.9203125 0.1453125 0.04296875 0.07890625
1 0.9015625 0.15546875 0.02265625 0.0359375
1 0.8234375 0.03203125 0.04453125 0.046875
1 0.97109375 0.04609375 0.01875 0.053125