1 0.55 0.2296875 0.0265625 0.04296875
1 0.4078125 0.2890625 0.02578125 0.046875
1 0.4140625 0.59609375 0.06484375 0.05
1 0.31796875 0.7 0.0375 0.078125
1 0.359375 0.2359375 0.021875 0.0390625
1 0.409375 0.20859375 0.04453125 0.08359375
1 0.828125 0.03359375 0.04609375 0.0640625
1 0.1375 0.8296875 0.025 0.040625
1 0.5078125 0.6375 0.01484375 0.03046875
1 0.56171875 0.90859375 0.0328125 0.04453125
1 0.90234375 0.6375 0.021875 0.04140625
1 0.946875 0.725 0.03125 0.025
1 0.25625 0.946875 0.02109375 0.05390625
1 0.92265625 0.146875 0.0421875 0.08203125
1 0.9015625 0.15390625 0.02265625 0.0359375
1 0.975 0.046875 0.0140625 0.05546875