1 0.33515625 0.46640625 0.0140625 0.025
1 0.5171875 0.503125 0.02890625 0.04453125
1 0.48359375 0.6796875 0.01875 0.040625
1 0.3734375 0.6203125 0.05546875 0.07890625
1 0.72890625 0.63125 0.025 0.065625
1 0.8375 0.7859375 0.02421875 0.046875
1 0.7125 0.46640625 0.03359375 0.0359375
1 0.659375 0.4984375 0.02109375 0.0609375
1 0.121875 0.484375 0.04296875 0.05
1 0.0671875 0.865625 0.05078125 0.059375
1 0.6265625 0.83671875 0.03515625 0.0625
1 0.6015625 0.471875 0.0546875 0.0984375
1 0.74609375 0.43125 0.021875 0.084375
1 0.3 0.09921875 0.0421875 0.034375