1 0.203125 0.403125 0.02421875 0.03203125
1 0.17265625 0.51796875 0.0265625 0.0390625
1 0.396875 0.446875 0.025 0.0875
1 0.3859375 0.64375 0.015625 0.05390625
1 0.49609375 0.8046875 0.0203125 0.0375
1 0.2765625 0.8546875 0.03359375 0.07109375
1 0.9671875 0.86953125 0.03359375 0.1
1 0.68359375 0.22421875 0.0234375 0.040625
1 0.91484375 0.32734375 0.0390625 0.0625
1 0.13671875 0.6890625 0.021875 0.03359375
1 0.31484375 0.5109375 0.0140625 0.0609375
1 0.3625 0.48515625 0.021875 0.034375
1 0.25078125 0.48046875 0.05 0.09453125