1 0.32421875 0.471875 0.025 0.021875
1 0.3359375 0.39375 0.03125 0.0515625
1 0.8515625 0.1265625 0.02734375 0.0390625
1 0.8140625 0.6640625 0.01953125 0.046875
1 0.8453125 0.65625 0.01484375 0.04609375
1 0.95546875 0.69921875 0.0234375 0.0375
1 0.97265625 0.87421875 0.0234375 0.0625
1 0.8859375 0.54296875 0.0328125 0.053125
1 0.9359375 0.378125 0.02734375 0.0609375
1 0.646875 0.32109375 0.02578125 0.03359375
1 0.5453125 0.265625 0.02265625 0.03359375
1 0.3046875 0.70625 0.0359375 0.034375
1 0.39296875 0.61015625 0.01875 0.040625
1 0.3390625 0.53671875 0.02421875 0.034375
1 0.7046875 0.253125 0.04296875 0.06953125
1 0.7453125 0.3671875 0.0375 0.09296875
1 0.8109375 0.26171875 0.04375 0.0625
1 0.85625 0.50859375 0.04921875 0.04140625