1 0.2859375 0.21015625 0.01796875 0.040625
1 0.5296875 0.18359375 0.02890625 0.04140625
1 0.2546875 0.309375 0.02734375 0.053125
1 0.0953125 0.428125 0.04765625 0.05546875
1 0.4078125 0.43515625 0.01640625 0.05703125
1 0.8390625 0.8078125 0.02109375 0.0484375
1 0.78125 0.40859375 0.034375 0.0359375
1 0.971875 0.190625 0.0328125 0.0265625
1 0.4984375 0.8 0.02421875 0.05546875
1 0.35390625 0.90703125 0.021875 0.053125
1 0.0703125 0.86171875 0.02109375 0.040625
1 0.4390625 0.22421875 0.0203125 0.03203125
1 0.51640625 0.453125 0.028125 0.025