1 0.63046875 0.41484375 0.034375 0.03203125
1 0.8296875 0.20546875 0.034375 0.03046875
1 0.9234375 0.48515625 0.01875 0.04296875
1 0.95390625 0.41796875 0.0203125 0.0609375
1 0.27109375 0.4328125 0.0484375 0.0515625
1 0.34453125 0.80390625 0.0296875 0.05859375
1 0.6890625 0.82578125 0.02265625 0.059375
1 0.8875 0.70859375 0.02421875 0.03359375
1 0.3953125 0.1890625 0.025 0.03359375
1 0.11015625 0.30390625 0.0359375 0.04140625
1 0.1546875 0.2078125 0.0328125 0.0484375
1 0.3 0.221875 0.01953125 0.0234375
1 0.73125 0.6625 0.01015625 0.0359375