1 0.528125 0.32578125 0.01640625 0.0265625
1 0.3875 0.51953125 0.01796875 0.03359375
1 0.48671875 0.63046875 0.0234375 0.04453125
1 0.5921875 0.66640625 0.0375 0.04140625
1 0.80625 0.60078125 0.03671875 0.04296875
1 0.815625 0.54296875 0.01796875 0.0390625
1 0.8015625 0.453125 0.0265625 0.04296875
1 0.409375 0.74453125 0.0375 0.05
1 0.4953125 0.75546875 0.03515625 0.05
1 0.425 0.828125 0.03203125 0.03046875
1 0.32421875 0.615625 0.0171875 0.0390625
1 0.1359375 0.8984375 0.03828125 0.06640625
1 0.52890625 0.86875 0.01875 0.0515625
1 0.28125 0.31328125 0.028125 0.03203125