1 0.4203125 0.51328125 0.01796875 0.034375
1 0.5265625 0.62890625 0.02421875 0.046875
1 0.6390625 0.6703125 0.04375 0.0484375
1 0.5375 0.746875 0.0375 0.046875
1 0.4484375 0.740625 0.034375 0.0484375
1 0.4671875 0.81875 0.02734375 0.0234375
1 0.1796875 0.88671875 0.03203125 0.0625
1 0.2625 0.865625 0.0140625 0.0265625
1 0.23828125 0.328125 0.01875 0.02890625
1 0.84140625 0.46328125 0.021875 0.0515625
1 0.8546875 0.55 0.02421875 0.04453125
1 0.8515625 0.61328125 0.04140625 0.0484375
1 0.57421875 0.865625 0.0203125 0.0484375