1 0.6890625 0.2 0.0359375 0.0609375
1 0.6765625 0.378125 0.04140625 0.034375
1 0.76875 0.378125 0.02109375 0.0234375
1 0.79765625 0.5421875 0.0296875 0.034375
1 0.665625 0.70703125 0.03515625 0.071875
1 0.9390625 0.26953125 0.0296875 0.0640625
1 0.1765625 0.778125 0.03203125 0.03359375
1 0.23515625 0.41484375 0.0359375 0.0265625
1 0.546875 0.59375 0.01640625 0.02890625
1 0.5765625 0.58515625 0.01796875 0.034375
1 0.46171875 0.478125 0.021875 0.028125
1 0.43515625 0.06953125 0.025 0.0609375
1 0.37109375 0.18046875 0.01875 0.04140625
1 0.3078125 0.12421875 0.01953125 0.03203125
1 0.578125 0.01875 0.025 0.02890625
1 0.85 0.6890625 0.028125 0.01953125
1 0.95625 0.6421875 0.0171875 0.05390625
1 0.3875 0.69453125 0.01484375 0.025
1 0.76484375 0.80390625 0.01875 0.021875