1 0.11875 0.6125 0.01796875 0.05546875
1 0.1171875 0.55390625 0.02109375 0.0390625
1 0.221875 0.52890625 0.02734375 0.04140625
1 0.10234375 0.45234375 0.040625 0.040625
1 0.3671875 0.39296875 0.03828125 0.021875
1 0.67734375 0.578125 0.0171875 0.0265625
1 0.70625 0.571875 0.0171875 0.03203125
1 0.8125 0.3578125 0.04453125 0.0375
1 0.93125 0.52421875 0.03515625 0.034375
1 0.98046875 0.675 0.0265625 0.01953125
1 0.9046875 0.359375 0.02421875 0.0265625
1 0.8296875 0.17578125 0.03515625 0.06796875
1 0.5734375 0.0453125 0.03203125 0.06796875
1 0.50625 0.15703125 0.01796875 0.04140625
1 0.446875 0.0984375 0.01796875 0.028125
1 0.7953125 0.69453125 0.03828125 0.075
1 0.8859375 0.79296875 0.01953125 0.028125
1 0.51171875 0.678125 0.015625 0.0265625
1 0.29375 0.75859375 0.02890625 0.03359375
1 0.125 0.38828125 0.04453125 0.0375
1 0.6875 0.2515625 0.01015625 0.021875