1 0.87265625 0.11953125 0.0265625 0.0390625
1 0.9859375 0.409375 0.021875 0.0265625
1 0.9375 0.67578125 0.01328125 0.034375
1 0.77265625 0.95234375 0.0140625 0.0265625
1 0.625 0.70859375 0.02265625 0.046875
1 0.3859375 0.1953125 0.03046875 0.07109375
1 0.45859375 0.35390625 0.0171875 0.05859375
1 0.39375 0.53125 0.01484375 0.0515625
1 0.33125 0.5390625 0.01328125 0.021875
1 0.353125 0.67578125 0.01015625 0.02109375
1 0.29140625 0.63828125 0.0171875 0.0265625
1 0.5203125 0.6140625 0.01171875 0.021875
1 0.225 0.57421875 0.03671875 0.059375
1 0.08046875 0.2125 0.0359375 0.08359375