1 0.428125 0.28828125 0.02421875 0.03203125
1 0.4328125 0.20703125 0.03359375 0.0390625
1 0.403125 0.12421875 0.01953125 0.0234375
1 0.0875 0.40703125 0.01640625 0.04453125
1 0.1 0.48125 0.03359375 0.0375
1 0.146875 0.4859375 0.02265625 0.053125
1 0.4765625 0.55 0.046875 0.053125
1 0.40390625 0.61796875 0.028125 0.03359375
1 0.640625 0.6796875 0.01484375 0.034375
1 0.64765625 0.58359375 0.0203125 0.05
1 0.61328125 0.72578125 0.025 0.015625
1 0.73359375 0.7984375 0.01875 0.0359375
1 0.5625 0.83984375 0.01484375 0.0234375
1 0.771875 0.52421875 0.01796875 0.0375
1 0.784375 0.5828125 0.01640625 0.05703125
1 0.87734375 0.5 0.0296875 0.04140625
1 0.6828125 0.22578125 0.01796875 0.02109375
1 0.59375 0.27890625 0.01015625 0.04140625
1 0.753125 0.42578125 0.04453125 0.040625
1 0.15859375 0.703125 0.01875 0.021875
1 0.090625 0.66953125 0.01796875 0.021875