1 0.228125 0.3234375 0.01484375 0.0609375
1 0.134375 0.33984375 0.01875 0.040625
1 0.4921875 0.30859375 0.01953125 0.0390625
1 0.6828125 0.38203125 0.01015625 0.0359375
1 0.71640625 0.26015625 0.015625 0.01796875
1 0.9328125 0.2484375 0.02421875 0.0859375
1 0.8515625 0.7125 0.0140625 0.028125
1 0.7578125 0.775 0.03359375 0.05
1 0.4828125 0.659375 0.0140625 0.025
1 0.365625 0.79296875 0.0328125 0.046875
1 0.1125 0.94921875 0.04921875 0.0484375
1 0.3859375 0.9 0.03671875 0.046875
1 0.3203125 0.42265625 0.04453125 0.04296875
1 0.95390625 0.4984375 0.01875 0.03046875
1 0.93125 0.6328125 0.02734375 0.04609375
1 0.6921875 0.52890625 0.03671875 0.0359375
1 0.5078125 0.696875 0.02421875 0.04140625
1 0.1375 0.40546875 0.01015625 0.04140625
1 0.13046875 0.5296875 0.0171875 0.034375
1 0.1078125 0.746875 0.02890625 0.05390625
1 0.59375 0.246875 0.0171875 0.03046875