1 0.553125 0.559375 0.02890625 0.025
1 0.81171875 0.67890625 0.0203125 0.025
1 0.91875 0.7296875 0.01640625 0.01796875
1 0.7484375 0.646875 0.01796875 0.0234375
1 0.734375 0.38671875 0.015625 0.04296875
1 0.7578125 0.46015625 0.034375 0.0375
1 0.803125 0.46171875 0.02578125 0.0515625
1 0.49140625 0.16484375 0.015625 0.0625
1 0.5671875 0.38125 0.0265625 0.03203125
1 0.39140625 0.1578125 0.0109375 0.034375
1 0.028125 0.45234375 0.01953125 0.0265625
1 0.2484375 0.575 0.02421875 0.025
1 0.18828125 0.85625 0.0296875 0.04296875
1 0.23984375 0.315625 0.021875 0.02109375
1 0.6578125 0.090625 0.015625 0.03046875