1 0.0234375 0.296875 0.0234375 0.0859375
1 0.053125 0.678125 0.0296875 0.059375
1 0.22421875 0.19375 0.053125 0.084375
1 0.3015625 0.15546875 0.028125 0.046875
1 0.3453125 0.25 0.02890625 0.096875
1 0.2921875 0.53046875 0.02265625 0.03359375
1 0.478125 0.1953125 0.03515625 0.07890625
1 0.63203125 0.1015625 0.040625 0.103125
1 0.78125 0.178125 0.02890625 0.0734375
1 0.8546875 0.334375 0.02265625 0.0609375
1 0.73359375 0.521875 0.0140625 0.02109375
1 0.696875 0.61875 0.01796875 0.0265625
1 0.63359375 0.5546875 0.040625 0.059375
1 0.7984375 0.5140625 0.01015625 0.053125