1 0.8734375 0.1453125 0.01796875 0.0375
1 0.93671875 0.0390625 0.0375 0.0609375
1 0.7578125 0.38046875 0.040625 0.021875
1 0.91328125 0.659375 0.015625 0.0234375
1 0.62421875 0.51640625 0.0265625 0.04140625
1 0.68828125 0.7390625 0.034375 0.03046875
1 0.5203125 0.540625 0.01875 0.0375
1 0.528125 0.5953125 0.01796875 0.05703125
1 0.3890625 0.596875 0.01796875 0.05859375
1 0.384375 0.69609375 0.0125 0.0359375
1 0.3625 0.74296875 0.0234375 0.01640625
1 0.1421875 0.63125 0.02421875 0.0375
1 0.19375 0.21328125 0.03203125 0.040625
1 0.16875 0.13046875 0.02109375 0.028125
1 0.4515625 0.2359375 0.0171875 0.01640625