1 0.95546875 0.225 0.0171875 0.0390625
1 0.803125 0.19296875 0.01953125 0.0859375
1 0.6109375 0.1734375 0.02578125 0.03359375
1 0.55859375 0.1890625 0.0265625 0.04453125
1 0.45859375 0.24921875 0.015625 0.03203125
1 0.5359375 0.31171875 0.04375 0.034375
1 0.30546875 0.30078125 0.0125 0.0375
1 0.28125 0.21015625 0.0140625 0.040625
1 0.209375 0.465625 0.02890625 0.0234375
1 0.42734375 0.53984375 0.0265625 0.03203125
1 0.64140625 0.66328125 0.0359375 0.040625
1 0.30390625 0.371875 0.015625 0.07109375
1 0.46328125 0.67421875 0.025 0.0734375
1 0.5828125 0.765625 0.02578125 0.0234375
1 0.6234375 0.853125 0.02421875 0.053125
1 0.56875 0.89296875 0.01875 0.028125
1 0.58046875 0.946875 0.0140625 0.04140625
1 0.2390625 0.915625 0.01640625 0.0375
1 0.8296875 0.5671875 0.021875 0.02890625