1 0.784375 0.184375 0.021875 0.09296875
1 0.9390625 0.21015625 0.01953125 0.034375
1 0.590625 0.17109375 0.02578125 0.0359375
1 0.53828125 0.1890625 0.0265625 0.046875
1 0.43984375 0.25078125 0.015625 0.03203125
1 0.5171875 0.31171875 0.04609375 0.034375
1 0.2609375 0.2171875 0.01484375 0.040625
1 0.2859375 0.30703125 0.01328125 0.0359375
1 0.2859375 0.38125 0.01640625 0.0734375
1 0.18984375 0.475 0.0296875 0.021875
1 0.4109375 0.54296875 0.02734375 0.03046875
1 0.4484375 0.6765625 0.02421875 0.075
1 0.6265625 0.6609375 0.03515625 0.04140625
1 0.815625 0.5578125 0.02109375 0.03203125
1 0.61015625 0.853125 0.0234375 0.05
1 0.56796875 0.765625 0.0234375 0.0234375
1 0.55625 0.89453125 0.01953125 0.021875
1 0.56796875 0.94765625 0.0140625 0.040625
1 0.22421875 0.928125 0.01875 0.0375