1 0.16875 0.31796875 0.0109375 0.0359375
1 0.14375 0.23046875 0.01484375 0.0359375
1 0.39921875 0.31640625 0.046875 0.03046875
1 0.41875 0.19609375 0.02890625 0.05
1 0.471875 0.178125 0.0234375 0.03203125
1 0.66484375 0.1890625 0.021875 0.09140625
1 0.81875 0.209375 0.01875 0.0375
1 0.69375 0.55703125 0.02109375 0.03046875
1 0.5046875 0.6640625 0.03359375 0.046875
1 0.446875 0.76875 0.0265625 0.0265625
1 0.484375 0.853125 0.02265625 0.053125
1 0.4328125 0.89609375 0.01796875 0.025
1 0.44453125 0.94921875 0.0140625 0.0375
1 0.328125 0.6828125 0.0234375 0.0734375
1 0.29609375 0.55234375 0.028125 0.0265625
1 0.16875 0.3890625 0.01328125 0.071875
1 0.07421875 0.48671875 0.028125 0.0265625
1 0.103125 0.93515625 0.015625 0.0375