1 0.4453125 0.67578125 0.0265625 0.0765625
1 0.7875 0.1828125 0.02109375 0.09296875
1 0.284375 0.378125 0.0171875 0.0765625
1 0.28671875 0.3046875 0.0125 0.0375
1 0.18828125 0.471875 0.03125 0.025
1 0.440625 0.24765625 0.01484375 0.034375
1 0.53984375 0.1859375 0.028125 0.05
1 0.59375 0.16875 0.02578125 0.034375
1 0.625 0.66171875 0.0375 0.04609375
1 0.81484375 0.559375 0.021875 0.03359375
1 0.6078125 0.853125 0.02265625 0.0515625
1 0.56640625 0.76328125 0.025 0.02890625
1 0.553125 0.8953125 0.01875 0.0234375
1 0.56484375 0.9484375 0.0140625 0.0390625
1 0.4109375 0.54375 0.0265625 0.02890625
1 0.51796875 0.3109375 0.046875 0.0359375