1 0.0453125 0.10703125 0.02265625 0.0359375
1 0.13125 0.21015625 0.021875 0.0875
1 0.54921875 0.315625 0.021875 0.04453125
1 0.64296875 0.29765625 0.0125 0.05703125
1 0.73359375 0.25546875 0.01875 0.03359375
1 0.909375 0.284375 0.01953125 0.0375
1 0.5515625 0.3796875 0.01015625 0.04296875
1 0.53984375 0.503125 0.0203125 0.03203125
1 0.92734375 0.67578125 0.0234375 0.040625
1 0.78046875 0.771875 0.03125 0.04609375
1 0.525 0.7171875 0.02734375 0.0515625
1 0.78828125 0.878125 0.034375 0.05
1 0.5859375 0.96796875 0.015625 0.05859375
1 0.27890625 0.23046875 0.0140625 0.0359375
1 0.9453125 0.4984375 0.021875 0.06640625
1 0.9015625 0.6375 0.01640625 0.028125