1 0.9171875 0.203125 0.01953125 0.0390625
1 0.7625 0.18203125 0.02109375 0.09140625
1 0.5703125 0.17109375 0.025 0.0359375
1 0.51796875 0.19140625 0.0265625 0.046875
1 0.79375 0.55390625 0.02109375 0.03046875
1 0.4203125 0.25703125 0.01640625 0.03046875
1 0.496875 0.3140625 0.04609375 0.0359375
1 0.26796875 0.315625 0.0125 0.0375
1 0.2421875 0.228125 0.01484375 0.040625
1 0.2671875 0.38828125 0.0171875 0.07109375
1 0.1734375 0.48515625 0.03046875 0.0265625
1 0.39375 0.5484375 0.02734375 0.028125
1 0.428125 0.67890625 0.02578125 0.075
1 0.60625 0.659375 0.034375 0.04609375
1 0.5890625 0.85078125 0.0234375 0.0515625
1 0.53515625 0.89140625 0.01875 0.025
1 0.546875 0.9453125 0.01328125 0.0375
1 0.5484375 0.7640625 0.025 0.028125
1 0.1390625 0.71640625 0.0140625 0.01953125
1 0.04921875 0.84375 0.015625 0.01796875
1 0.20625 0.9328125 0.0140625 0.0375
1 0.21328125 0.903125 0.0140625 0.02109375