1 0.6453125 0.2609375 0.05234375 0.078125
1 0.9171875 0.4828125 0.00703125 0.034375
1 0.9 0.4859375 0.02265625 0.0390625
1 0.9328125 0.87109375 0.03046875 0.04453125
1 0.925 0.92578125 0.01796875 0.07109375
1 0.8859375 0.86796875 0.01796875 0.025
1 0.85234375 0.96015625 0.03125 0.040625
1 0.7796875 0.7890625 0.04921875 0.03046875
1 0.69375 0.80234375 0.009375 0.034375
1 0.6625 0.79453125 0.01171875 0.0390625
1 0.85390625 0.57578125 0.0171875 0.0515625
1 0.64296875 0.621875 0.0203125 0.0609375
1 0.55390625 0.540625 0.0234375 0.0640625
1 0.43984375 0.43984375 0.01875 0.0625
1 0.421875 0.328125 0.01796875 0.03046875
1 0.5109375 0.746875 0.01953125 0.01640625
1 0.5859375 0.740625 0.02109375 0.0234375
1 0.375 0.72734375 0.01640625 0.04296875
1 0.3296875 0.7546875 0.0234375 0.05390625
1 0.2421875 0.55 0.03984375 0.04453125
1 0.29140625 0.80390625 0.021875 0.053125
1 0.10859375 0.75078125 0.01875 0.08203125