1 0.7703125 0.18125 0.02109375 0.090625
1 0.9265625 0.20703125 0.01796875 0.03359375
1 0.521875 0.1875 0.02734375 0.046875
1 0.57578125 0.16875 0.0265625 0.03203125
1 0.80234375 0.559375 0.0203125 0.028125
1 0.6109375 0.66171875 0.034375 0.04296875
1 0.55390625 0.76875 0.0265625 0.0265625
1 0.5953125 0.8546875 0.02421875 0.0515625
1 0.540625 0.896875 0.01875 0.021875
1 0.55234375 0.95234375 0.0140625 0.0375
1 0.43125 0.678125 0.02578125 0.0734375
1 0.3953125 0.5453125 0.0265625 0.0265625
1 0.5015625 0.3109375 0.04609375 0.03359375
1 0.42265625 0.246875 0.0171875 0.03359375
1 0.26796875 0.30546875 0.0109375 0.0359375
1 0.2671875 0.378125 0.01640625 0.07109375
1 0.24140625 0.215625 0.0140625 0.0375
1 0.171875 0.47578125 0.02890625 0.0234375