1 0.7265625 0.24453125 0.0546875 0.08046875
1 0.51953125 0.43515625 0.01875 0.065625
1 0.5 0.32421875 0.01953125 0.03203125
1 0.72734375 0.60859375 0.0203125 0.0640625
1 0.8625 0.76171875 0.05078125 0.03203125
1 0.9671875 0.834375 0.02265625 0.0265625
1 0.9359375 0.928125 0.03515625 0.0390625
1 0.77734375 0.7859375 0.0109375 0.0359375
1 0.74375 0.78203125 0.01328125 0.0390625
1 0.66796875 0.73125 0.021875 0.02109375
1 0.59140625 0.740625 0.0234375 0.02109375
1 0.453125 0.728125 0.01875 0.040625
1 0.41328125 0.7609375 0.0265625 0.05859375
1 0.3234375 0.559375 0.0453125 0.046875
1 0.19375 0.771875 0.02109375 0.078125
1 0.0421875 0.809375 0.02265625 0.04609375
1 0.934375 0.546875 0.01796875 0.053125