1 0.059375 0.390625 0.025 0.07890625
1 0.29375 0.5609375 0.04296875 0.046875
1 0.4875 0.43828125 0.02421875 0.059375
1 0.4703125 0.325 0.01953125 0.0359375
1 0.6953125 0.2484375 0.05859375 0.08046875
1 0.953125 0.46328125 0.02421875 0.0484375
1 0.96875 0.45859375 0.0125 0.04140625
1 0.9078125 0.55390625 0.0203125 0.05
1 0.4296875 0.73203125 0.01796875 0.04140625
1 0.565625 0.746875 0.02109375 0.01796875
1 0.6421875 0.73515625 0.0234375 0.0265625
1 0.71875 0.7859375 0.01484375 0.03359375
1 0.83828125 0.77265625 0.053125 0.02890625
1 0.94765625 0.84453125 0.021875 0.028125
1 0.91484375 0.9390625 0.034375 0.04140625
1 0.184375 0.6484375 0.05390625 0.06953125
1 0.1640625 0.771875 0.02265625 0.078125
1 0.70078125 0.609375 0.0234375 0.07109375
1 0.01328125 0.80625 0.0265625 0.0515625