1 0.9546875 0.71953125 0.0203125 0.021875
1 0.9484375 0.5515625 0.02421875 0.025
1 0.8859375 0.415625 0.02734375 0.065625
1 0.8703125 0.3046875 0.0171875 0.03203125
1 0.821875 0.70390625 0.0234375 0.04453125
1 0.78828125 0.7328125 0.0234375 0.05703125
1 0.696875 0.53671875 0.0453125 0.040625
1 0.6046875 0.61875 0.06171875 0.065625
1 0.590625 0.73828125 0.02734375 0.0765625
1 0.4359375 0.771875 0.02265625 0.04140625
1 0.25703125 0.7671875 0.015625 0.059375
1 0.46953125 0.37421875 0.025 0.0734375
1 0.2046875 0.5765625 0.025 0.071875
1 0.31171875 0.48671875 0.0421875 0.1015625