1 0.9578125 0.85625 0.03359375 0.040625
1 0.9109375 0.8546875 0.021875 0.03203125
1 0.9484375 0.9125 0.02265625 0.06640625
1 0.875 0.946875 0.034375 0.04140625
1 0.80390625 0.77890625 0.0515625 0.03046875
1 0.684375 0.7921875 0.01640625 0.040625
1 0.71875 0.79765625 0.01171875 0.034375
1 0.6078125 0.740625 0.0234375 0.028125
1 0.5328125 0.75 0.021875 0.01953125
1 0.39453125 0.734375 0.01875 0.04140625
1 0.3484375 0.76328125 0.02578125 0.0515625
1 0.125 0.7703125 0.01953125 0.0765625
1 0.2609375 0.5609375 0.04140625 0.046875
1 0.44375 0.325 0.0203125 0.03046875
1 0.4625 0.4390625 0.02109375 0.0640625
1 0.671875 0.2515625 0.05703125 0.08046875
1 0.925 0.46953125 0.02421875 0.04453125
1 0.9421875 0.46484375 0.01015625 0.034375
1 0.6671875 0.61640625 0.0234375 0.0640625
1 0.878125 0.5609375 0.01875 0.053125