1 0.5625 0.2734375 0.02265625 0.0390625
1 0.521875 0.47421875 0.02109375 0.02890625
1 0.43828125 0.6359375 0.03125 0.08359375
1 0.284375 0.49765625 0.0203125 0.02109375
1 0.2671875 0.584375 0.01796875 0.0375
1 0.265625 0.7578125 0.01640625 0.065625
1 0.2921875 0.76875 0.02265625 0.0234375
1 0.1421875 0.778125 0.01328125 0.0390625
1 0.04296875 0.80078125 0.015625 0.059375
1 0.5203125 0.88828125 0.02578125 0.01796875
1 0.5046875 0.96015625 0.015625 0.034375
1 0.8234375 0.89921875 0.02265625 0.04296875