1 0.2859375 0.46484375 0.01953125 0.04296875
1 0.01875 0.51953125 0.03046875 0.06640625
1 0.4921875 0.77890625 0.0171875 0.053125
1 0.26875 0.7875 0.02265625 0.0359375
1 0.709375 0.565625 0.01640625 0.0375
1 0.7234375 0.48046875 0.02421875 0.025
1 0.58984375 0.38046875 0.040625 0.053125
1 0.9703125 0.4546875 0.02421875 0.02890625
1 0.8875 0.61796875 0.03515625 0.0859375
1 0.71875 0.740625 0.02109375 0.0609375
1 0.74375 0.74921875 0.02265625 0.0234375
1 0.590625 0.7546875 0.0109375 0.0375
1 0.275 0.40703125 0.0421875 0.0390625