1 0.1984375 0.446875 0.01640625 0.03359375
1 0.384375 0.42890625 0.02265625 0.0640625
1 0.46171875 0.51015625 0.025 0.04609375
1 0.4359375 0.553125 0.04140625 0.0375
1 0.5265625 0.478125 0.01328125 0.03359375
1 0.4625 0.76953125 0.01796875 0.0359375
1 0.57734375 0.7046875 0.0109375 0.03203125
1 0.63125 0.7203125 0.025 0.03203125
1 0.44609375 0.97109375 0.0296875 0.03359375
1 0.73828125 0.47734375 0.0171875 0.034375
1 0.75 0.4453125 0.01640625 0.03203125
1 0.89921875 0.571875 0.0328125 0.03359375
1 0.83046875 0.58984375 0.0140625 0.02890625
1 0.8203125 0.75234375 0.02109375 0.04296875
1 0.82890625 0.81796875 0.0171875 0.04453125
1 0.92421875 0.71328125 0.0421875 0.03203125
1 0.9703125 0.38984375 0.01953125 0.0734375