1 0.31953125 0.378125 0.03125 0.06953125
1 0.45625 0.271875 0.01484375 0.03203125
1 0.490625 0.31796875 0.02265625 0.01953125
1 0.6828125 0.328125 0.03046875 0.05703125
1 0.075 0.6671875 0.028125 0.08203125
1 0.215625 0.6890625 0.03046875 0.05859375
1 0.3125 0.7625 0.02421875 0.0640625
1 0.40625 0.9296875 0.0328125 0.0765625
1 0.80390625 0.5421875 0.0234375 0.04609375
1 0.9328125 0.403125 0.025 0.0609375
1 0.8609375 0.6109375 0.03359375 0.046875
1 0.82421875 0.82578125 0.01875 0.05390625
1 0.5578125 0.834375 0.01015625 0.02890625