1 0.9796875 0.58203125 0.02265625 0.0390625
1 0.9453125 0.51171875 0.02421875 0.0265625
1 0.815625 0.4953125 0.0140625 0.0484375
1 0.734375 0.68828125 0.00703125 0.0234375
1 0.81796875 0.590625 0.0140625 0.06953125
1 0.89375 0.6109375 0.03984375 0.09140625
1 0.94375 0.7515625 0.02890625 0.075
1 0.76484375 0.78046875 0.0453125 0.09140625
1 0.5265625 0.728125 0.0171875 0.02109375
1 0.26328125 0.65 0.0078125 0.03359375
1 0.2296875 0.68515625 0.00859375 0.01796875
1 0.1234375 0.8765625 0.01796875 0.03046875