1 0.37890625 0.42890625 0.015625 0.028125
1 0.4328125 0.490625 0.02421875 0.04140625
1 0.25 0.446875 0.01171875 0.053125
1 0.2078125 0.66015625 0.0078125 0.0234375
1 0.26328125 0.540625 0.021875 0.06953125
1 0.51875 0.6046875 0.0140625 0.0265625
1 0.76796875 0.74921875 0.0296875 0.065625
1 0.7015625 0.9375 0.04609375 0.025
1 0.871875 0.9046875 0.03125 0.07109375
1 0.521875 0.665625 0.03203125 0.078125
1 0.6640625 0.678125 0.03984375 0.053125
1 0.3 0.92421875 0.05546875 0.040625
1 0.6734375 0.459375 0.01796875 0.01640625
1 0.715625 0.39609375 0.015625 0.04140625
1 0.65625 0.278125 0.021875 0.0265625
1 0.89921875 0.24453125 0.0140625 0.028125
1 0.934375 0.28984375 0.02265625 0.02109375