1 0.8453125 0.87890625 0.02265625 0.04453125
1 0.8640625 0.78671875 0.01484375 0.0234375
1 0.47578125 0.63671875 0.025 0.059375
1 0.40234375 0.53671875 0.021875 0.034375
1 0.4328125 0.2734375 0.03515625 0.0390625
1 0.9 0.13203125 0.0109375 0.0359375
1 0.4234375 0.9359375 0.02890625 0.05546875
1 0.33984375 0.9234375 0.034375 0.0359375
1 0.27734375 0.81328125 0.021875 0.03203125
1 0.70546875 0.5015625 0.0609375 0.10859375
1 0.5796875 0.4859375 0.03125 0.03359375
1 0.65703125 0.303125 0.00625 0.021875