1 0.465625 0.5859375 0.02890625 0.0609375
1 0.4875 0.421875 0.04296875 0.03359375
1 0.559375 0.66953125 0.00859375 0.0390625
1 0.5796875 0.7640625 0.034375 0.0359375
1 0.63125 0.78359375 0.02421875 0.03359375
1 0.85859375 0.13671875 0.0203125 0.0625
1 0.8015625 0.24609375 0.01796875 0.05
1 0.95546875 0.578125 0.0265625 0.03046875
1 0.9046875 0.74140625 0.03125 0.0359375
1 0.940625 0.834375 0.0109375 0.04296875
1 0.125 0.7203125 0.0171875 0.034375
1 0.14453125 0.828125 0.0203125 0.059375
1 0.16484375 0.921875 0.009375 0.0390625