1 0.678125 0.26953125 0.03203125 0.03359375
1 0.759375 0.328125 0.00859375 0.040625
1 0.8640625 0.18359375 0.015625 0.046875
1 0.85 0.3640625 0.0125 0.01953125
1 0.8921875 0.88046875 0.01953125 0.071875
1 0.42890625 0.684375 0.0265625 0.0484375
1 0.446875 0.765625 0.01953125 0.0390625
1 0.26796875 0.67109375 0.053125 0.06953125
1 0.3125 0.58125 0.0234375 0.0515625
1 0.33359375 0.509375 0.04375 0.05
1 0.1671875 0.76328125 0.04765625 0.0515625
1 0.1859375 0.69609375 0.01796875 0.03359375
1 0.084375 0.296875 0.03671875 0.0234375