1 0.68125 0.2421875 0.028125 0.0375
1 0.7328125 0.21640625 0.0171875 0.025
1 0.6203125 0.27890625 0.021875 0.028125
1 0.2671875 0.53984375 0.0390625 0.084375
1 0.421875 0.43515625 0.02109375 0.0265625
1 0.228125 0.328125 0.0171875 0.0515625
1 0.23203125 0.68203125 0.021875 0.028125
1 0.48203125 0.76484375 0.03125 0.0265625
1 0.903125 0.23984375 0.01875 0.04296875
1 0.971875 0.36953125 0.02734375 0.04140625
1 0.1296875 0.68984375 0.02109375 0.065625
1 0.8796875 0.79765625 0.03125 0.059375
1 0.5109375 0.89375 0.021875 0.02109375