1 0.496875 0.525 0.0171875 0.046875
1 0.5140625 0.51328125 0.0125 0.02890625
1 0.56640625 0.69921875 0.0296875 0.04296875
1 0.7 0.71015625 0.02578125 0.040625
1 0.55078125 0.903125 0.0328125 0.053125
1 0.66484375 0.84453125 0.0171875 0.03046875
1 0.30546875 0.82421875 0.01875 0.03203125
1 0.2703125 0.596875 0.02890625 0.04140625
1 0.34921875 0.4140625 0.01875 0.03359375
1 0.1421875 0.43125 0.02109375 0.034375
1 0.18671875 0.58125 0.0296875 0.0234375
1 0.0984375 0.79453125 0.02734375 0.06953125
1 0.08984375 0.85703125 0.01875 0.05