1 0.865625 0.475 0.025 0.0609375
1 0.38671875 0.5359375 0.0296875 0.0359375
1 0.490625 0.59921875 0.02265625 0.034375
1 0.36015625 0.68125 0.0171875 0.0484375
1 0.384375 0.70625 0.0203125 0.03203125
1 0.4734375 0.8671875 0.03515625 0.03203125
1 0.46640625 0.79296875 0.0203125 0.01640625
1 0.503125 0.953125 0.0171875 0.0125
1 0.259375 0.753125 0.01171875 0.0375
1 0.128125 0.55703125 0.02421875 0.046875
1 0.0234375 0.75625 0.01640625 0.034375
1 0.05859375 0.6734375 0.0078125 0.028125
1 0.25625 0.91171875 0.0109375 0.0515625
1 0.28671875 0.91875 0.009375 0.0265625
1 0.8203125 0.89296875 0.01640625 0.0140625