1 0.4875 0.3 0.02421875 0.028125
1 0.553125 0.3359375 0.025 0.021875
1 0.36953125 0.37734375 0.0375 0.07890625
1 0.36875 0.54453125 0.021875 0.0390625
1 0.315625 0.65390625 0.02578125 0.04140625
1 0.475 0.709375 0.02421875 0.07109375
1 0.409375 0.853125 0.0203125 0.03359375
1 0.1046875 0.534375 0.02109375 0.06953125
1 0.0109375 0.5640625 0.0203125 0.0640625
1 0.05625 0.72890625 0.03359375 0.0640625
1 0.1359375 0.6984375 0.01484375 0.01953125
1 0.2265625 0.73671875 0.02265625 0.084375
1 0.54921875 0.56875 0.01875 0.034375
1 0.8171875 0.9203125 0.01953125 0.05390625
1 0.96640625 0.72421875 0.0140625 0.10703125
1 0.89296875 0.17265625 0.0265625 0.059375
1 0.66953125 0.346875 0.0328125 0.03046875