1 0.1765625 0.378125 0.0265625 0.05
1 0.303125 0.11171875 0.0265625 0.0265625
1 0.2609375 0.146875 0.0140625 0.03046875
1 0.4078125 0.540625 0.02109375 0.0640625
1 0.49375 0.51015625 0.01953125 0.065625
1 0.453125 0.70078125 0.028125 0.06796875
1 0.5234375 0.671875 0.015625 0.021875
1 0.534375 0.81484375 0.0296875 0.07890625
1 0.3875 0.8609375 0.02421875 0.0640625
1 0.2703125 0.69921875 0.03203125 0.04609375
1 0.159375 0.571875 0.02578125 0.06796875
1 0.7453125 0.51796875 0.021875 0.03359375
1 0.7453125 0.35 0.0375 0.0859375
1 0.8625 0.27734375 0.02421875 0.02890625
1 0.9328125 0.3125 0.025 0.021875
1 0.8640625 0.684375 0.01953125 0.075
1 0.7984375 0.82734375 0.01484375 0.034375
1 0.69453125 0.628125 0.0234375 0.0390625
1 0.93203125 0.546875 0.0171875 0.03046875