1 0.4015625 0.63828125 0.0265625 0.07109375
1 0.415625 0.44140625 0.0234375 0.05
1 0.071875 0.6265625 0.03359375 0.075
1 0.21875 0.559375 0.02265625 0.040625
1 0.0125 0.78671875 0.0203125 0.04296875
1 0.25859375 0.9546875 0.01875 0.0515625
1 0.2328125 0.978125 0.02578125 0.0375
1 0.6296875 0.91875 0.02109375 0.065625
1 0.51171875 0.75625 0.0296875 0.04296875
1 0.6984375 0.753125 0.0265625 0.065625
1 0.6515625 0.590625 0.025 0.0640625
1 0.7390625 0.5578125 0.02109375 0.07109375
1 0.7828125 0.8640625 0.028125 0.078125
1 0.93984375 0.66796875 0.0265625 0.04453125
1 0.49375 0.209375 0.01328125 0.03046875
1 0.53515625 0.16875 0.0234375 0.02890625
1 0.4921875 0.084375 0.01484375 0.03203125