1 0.36328125 0.14765625 0.0109375 0.04296875
1 0.4078125 0.25078125 0.01328125 0.02109375
1 0.33046875 0.33046875 0.034375 0.0359375
1 0.52109375 0.19140625 0.0234375 0.03046875
1 0.4703125 0.02734375 0.01796875 0.02890625
1 0.7234375 0.28203125 0.034375 0.05859375
1 0.9125 0.25703125 0.03203125 0.03359375
1 0.9578125 0.2953125 0.03203125 0.034375
1 0.84765625 0.590625 0.0140625 0.02890625
1 0.690625 0.45703125 0.034375 0.046875
1 0.29453125 0.85859375 0.00625 0.03046875
1 0.378125 0.853125 0.0265625 0.03359375
1 0.19140625 0.53515625 0.015625 0.040625