1 0.459375 0.334375 0.01640625 0.04140625
1 0.590625 0.540625 0.015625 0.0375
1 0.74453125 0.15546875 0.0109375 0.0390625
1 0.79375 0.25 0.015625 0.028125
1 0.8890625 0.19140625 0.02421875 0.028125
1 0.71484375 0.8484375 0.0265625 0.03046875
1 0.63125 0.85859375 0.00703125 0.03046875
1 0.19609375 0.60390625 0.01875 0.01640625
1 0.2078125 0.634375 0.0265625 0.04453125
1 0.0453125 0.34609375 0.02578125 0.06640625
1 0.1078125 0.334375 0.02578125 0.04296875
1 0.0703125 0.2359375 0.02109375 0.03046875
1 0.0734375 0.0734375 0.02265625 0.03046875
1 0.4453125 0.98203125 0.01015625 0.028125
1 0.83125 0.66484375 0.01015625 0.01796875