1 0.565625 0.45078125 0.025 0.0515625
1 0.5765625 0.553125 0.01015625 0.02890625
1 0.65625 0.315625 0.01953125 0.028125
1 0.8171875 0.2296875 0.0140625 0.03203125
1 0.70546875 0.84609375 0.0265625 0.028125
1 0.5625 0.9265625 0.01640625 0.01953125
1 0.4015625 0.7171875 0.02578125 0.034375
1 0.06875 0.2828125 0.0203125 0.059375
1 0.015625 0.3515625 0.01796875 0.021875
1 0.0328125 0.4734375 0.01796875 0.025
1 0.209375 0.11953125 0.0171875 0.05546875
1 0.1375 0.25546875 0.01328125 0.025
1 0.3609375 0.14765625 0.0265625 0.0484375
1 0.2734375 0.41796875 0.02109375 0.03046875