1 0.47578125 0.4125 0.01875 0.03046875
1 0.2828125 0.27734375 0.02109375 0.05390625
1 0.228125 0.346875 0.01953125 0.01796875
1 0.2375 0.46953125 0.0203125 0.025
1 0.425 0.115625 0.0171875 0.05390625
1 0.57265625 0.140625 0.0265625 0.04609375
1 0.7609375 0.440625 0.02890625 0.05390625
1 0.74453125 0.54609375 0.0109375 0.028125
1 0.859375 0.3015625 0.01875 0.03046875
1 0.8703125 0.8359375 0.02734375 0.028125
1 0.7375 0.9203125 0.015625 0.02109375
1 0.5671875 0.70859375 0.02578125 0.0359375
1 0.3484375 0.25078125 0.01640625 0.02890625
1 0.203125 0.584375 0.0203125 0.02890625