1 0.34296875 0.49296875 0.01875 0.04140625
1 0.3875 0.4875 0.04140625 0.046875
1 0.24140625 0.26328125 0.015625 0.04296875
1 0.22578125 0.3015625 0.0125 0.0359375
1 0.15078125 0.2765625 0.01875 0.04453125
1 0.15703125 0.334375 0.025 0.03046875
1 0.1484375 0.4625 0.01171875 0.0359375
1 0.9359375 0.91875 0.03515625 0.0515625
1 0.88203125 0.53671875 0.0203125 0.065625
1 0.765625 0.51484375 0.021875 0.04609375
1 0.7828125 0.221875 0.046875 0.0484375
1 0.746875 0.3546875 0.0375 0.040625
1 0.62890625 0.68203125 0.0234375 0.04453125