1 0.76015625 0.16015625 0.0296875 0.03203125
1 0.859375 0.178125 0.01875 0.04296875
1 0.69296875 0.8015625 0.0515625 0.0609375
1 0.528125 0.3546875 0.01640625 0.02890625
1 0.5078125 0.49453125 0.01328125 0.028125
1 0.403125 0.68515625 0.04140625 0.0625
1 0.36875 0.51015625 0.0171875 0.0484375
1 0.29765625 0.525 0.0203125 0.028125
1 0.2453125 0.484375 0.03515625 0.0609375
1 0.2515625 0.6359375 0.021875 0.0390625
1 0.2921875 0.83828125 0.02734375 0.034375
1 0.35234375 0.771875 0.0125 0.040625
1 0.253125 0.9734375 0.01640625 0.046875
1 0.04140625 0.8046875 0.03125 0.0625
1 0.1296875 0.0765625 0.04140625 0.03359375
1 0.03203125 0.1078125 0.028125 0.02890625