1 0.61328125 0.5921875 0.0359375 0.04296875
1 0.65078125 0.4890625 0.0703125 0.071875
1 0.8625 0.66171875 0.01796875 0.0375
1 0.9328125 0.609375 0.021875 0.01953125
1 0.8984375 0.52109375 0.021875 0.078125
1 0.9421875 0.078125 0.02890625 0.04453125
1 0.2640625 0.03046875 0.02421875 0.0609375
1 0.221875 0.109375 0.02578125 0.084375
1 0.1328125 0.14375 0.02734375 0.040625
1 0.740625 0.9390625 0.01640625 0.05
1 0.91875 0.8734375 0.01640625 0.0390625
1 0.84375 0.87109375 0.02265625 0.021875
1 0.2125 0.484375 0.02265625 0.04140625
1 0.18046875 0.61640625 0.0171875 0.04140625