1 0.0203125 0.66171875 0.0375 0.0375
1 0.0984375 0.1859375 0.0265625 0.03046875
1 0.10859375 0.16328125 0.021875 0.0234375
1 0.14921875 0.1546875 0.04375 0.03203125
1 0.340625 0.221875 0.01484375 0.0375
1 0.31953125 0.20546875 0.009375 0.028125
1 0.38125 0.2953125 0.04296875 0.0265625
1 0.4125 0.42421875 0.0109375 0.0234375
1 0.4078125 0.484375 0.01015625 0.021875
1 0.51796875 0.490625 0.0171875 0.0359375
1 0.55703125 0.4859375 0.0265625 0.071875
1 0.853125 0.4765625 0.01640625 0.05546875
1 0.903125 0.57578125 0.01796875 0.0234375
1 0.50078125 0.34765625 0.0703125 0.215625