1 0.290625 0.1234375 0.02265625 0.03359375
1 0.1078125 0.1234375 0.0359375 0.05
1 0.20625 0.30546875 0.04296875 0.021875
1 0.08515625 0.36640625 0.034375 0.08046875
1 0.1078125 0.65234375 0.0234375 0.0625
1 0.07578125 0.84921875 0.015625 0.0765625
1 0.36796875 0.9234375 0.01875 0.046875
1 0.784375 0.1453125 0.03671875 0.034375
1 0.98046875 0.390625 0.0234375 0.03359375
1 0.815625 0.428125 0.0234375 0.0390625
1 0.81953125 0.75390625 0.028125 0.0359375
1 0.8171875 0.57265625 0.03515625 0.0484375
1 0.8109375 0.53359375 0.021875 0.01640625