1 0.1421875 0.23359375 0.01484375 0.05
1 0.27421875 0.2625 0.025 0.01953125
1 0.24921875 0.26796875 0.025 0.0390625
1 0.159375 0.33671875 0.01953125 0.0515625
1 0.2421875 0.396875 0.0140625 0.053125
1 0.265625 0.5546875 0.02265625 0.04609375
1 0.315625 0.6953125 0.02265625 0.04296875
1 0.5390625 0.65390625 0.02109375 0.0859375
1 0.578125 0.56484375 0.04453125 0.02890625
1 0.4875 0.484375 0.01796875 0.03359375
1 0.45625 0.396875 0.0171875 0.01796875
1 0.4734375 0.5859375 0.0171875 0.03359375
1 0.66171875 0.8109375 0.0265625 0.021875
1 0.325 0.93046875 0.01796875 0.0890625