1 0.3046875 0.746875 0.03671875 0.09140625
1 0.440625 0.4671875 0.04296875 0.0625
1 0.796875 0.3171875 0.03359375 0.05703125
1 0.75234375 0.29609375 0.0171875 0.01640625
1 0.71484375 0.4234375 0.028125 0.04140625
1 0.9734375 0.6546875 0.03046875 0.06796875
1 0.9484375 0.6734375 0.01484375 0.01953125
1 0.4234375 0.89453125 0.025 0.03046875
1 0.4671875 0.76640625 0.0125 0.03046875
1 0.22109375 0.9578125 0.028125 0.0265625
1 0.19609375 0.43203125 0.021875 0.0359375
1 0.071875 0.30625 0.0171875 0.03203125
1 0.265625 0.76640625 0.0296875 0.0859375
1 0.38828125 0.32421875 0.05 0.084375
1 0.33828125 0.21171875 0.03125 0.090625