1 0.70625 0.73125 0.04296875 0.0625
1 0.896875 0.934375 0.02109375 0.040625
1 0.8484375 0.96875 0.02578125 0.0234375
1 0.8859375 0.4796875 0.02109375 0.04296875
1 0.8203125 0.32890625 0.02578125 0.03046875
1 0.784375 0.328125 0.02109375 0.01796875
1 0.68515625 0.22578125 0.053125 0.04609375
1 0.8796875 0.2109375 0.08984375 0.103125
1 0.24765625 0.478125 0.04375 0.075
1 0.4484375 0.56015625 0.0234375 0.040625
1 0.30546875 0.21953125 0.0625 0.071875
1 0.04453125 0.48359375 0.015625 0.04453125
1 0.6859375 0.9828125 0.01875 0.0234375
1 0.8796875 0.5421875 0.0203125 0.05390625
1 0.5453125 0.80390625 0.015625 0.0359375
1 0.2234375 0.88203125 0.02265625 0.06640625