1 0.71875 0.909375 0.01953125 0.034375
1 0.9453125 0.84140625 0.025 0.04140625
1 0.725 0.8296875 0.02578125 0.09296875
1 0.8296875 0.5515625 0.040625 0.03359375
1 0.93125 0.36640625 0.028125 0.028125
1 0.79609375 0.20703125 0.0359375 0.05546875
1 0.79140625 0.271875 0.0265625 0.02109375
1 0.8171875 0.31015625 0.009375 0.0375
1 0.6671875 0.49609375 0.05546875 0.053125
1 0.553125 0.553125 0.03359375 0.075
1 0.5078125 0.2109375 0.01953125 0.046875
1 0.375 0.653125 0.02109375 0.0359375
1 0.14921875 0.746875 0.028125 0.05703125
1 0.1078125 0.76875 0.01953125 0.0734375
1 0.109375 0.3578125 0.02265625 0.04296875