1 0.1078125 0.2640625 0.0296875 0.053125
1 0.39140625 0.63046875 0.0234375 0.03359375
1 0.3671875 0.74375 0.03984375 0.034375
1 0.45625 0.75546875 0.04765625 0.028125
1 0.54140625 0.6921875 0.0234375 0.0375
1 0.5640625 0.715625 0.021875 0.090625
1 0.6109375 0.5359375 0.02734375 0.075
1 0.73125 0.41171875 0.02421875 0.04296875
1 0.778125 0.396875 0.028125 0.04140625
1 0.740625 0.80390625 0.02421875 0.0640625
1 0.77578125 0.7890625 0.0328125 0.05546875
1 0.6359375 0.925 0.03359375 0.05546875
1 0.428125 0.86875 0.04453125 0.06796875