1 0.23125 0.7203125 0.0265625 0.02890625
1 0.0828125 0.53671875 0.0375 0.065625
1 0.078125 0.60859375 0.025 0.025
1 0.1015625 0.65 0.01171875 0.04140625
1 0.08984375 0.9203125 0.0375 0.040625
1 0.3125 0.71328125 0.02421875 0.09296875
1 0.48984375 0.79921875 0.0234375 0.0984375
1 0.7484375 0.6765625 0.01875 0.05859375
1 0.834375 0.865625 0.02109375 0.040625
1 0.9265625 0.840625 0.03515625 0.04296875
1 0.72265625 0.4234375 0.0421875 0.0359375
1 0.14375 0.04296875 0.04140625 0.0609375
1 0.140625 0.165625 0.02890625 0.071875
1 0.7640625 0.03515625 0.04296875 0.0375