1 0.5453125 0.46171875 0.0375 0.059375
1 0.621875 0.63203125 0.02734375 0.0390625
1 0.45 0.490625 0.01796875 0.0390625
1 0.371875 0.4375 0.0203125 0.0359375
1 0.45546875 0.534375 0.0125 0.034375
1 0.478125 0.578125 0.025 0.0359375
1 0.1484375 0.74296875 0.01796875 0.01640625
1 0.1671875 0.740625 0.01796875 0.034375
1 0.515625 0.80703125 0.04296875 0.0390625
1 0.74609375 0.78359375 0.0140625 0.01640625
1 0.85 0.734375 0.01953125 0.03359375
1 0.9765625 0.278125 0.02890625 0.034375
1 0.29375 0.4171875 0.03359375 0.02890625
1 0.296875 0.36015625 0.02265625 0.02890625
1 0.265625 0.378125 0.01015625 0.02890625
1 0.2421875 0.36328125 0.02109375 0.0265625
1 0.1828125 0.334375 0.02421875 0.05703125
1 0.16640625 0.1328125 0.015625 0.040625
1 0.3984375 0.046875 0.0265625 0.05703125