1 0.2890625 0.315625 0.02421875 0.03046875
1 0.34921875 0.43203125 0.034375 0.08046875
1 0.275 0.453125 0.0265625 0.0375
1 0.2125 0.47578125 0.0234375 0.11796875
1 0.9390625 0.09296875 0.025 0.0390625
1 0.9734375 0.19453125 0.02578125 0.06640625
1 0.86640625 0.5546875 0.0484375 0.034375
1 0.9296875 0.51171875 0.01484375 0.02109375
1 0.7078125 0.52890625 0.02265625 0.03359375
1 0.634375 0.453125 0.01328125 0.040625
1 0.59609375 0.49921875 0.0171875 0.040625
1 0.640625 0.6078125 0.02265625 0.0375
1 0.603125 0.67265625 0.01796875 0.03203125
1 0.3140625 0.884375 0.02421875 0.03046875
1 0.2546875 0.8296875 0.0171875 0.02890625
1 0.115625 0.846875 0.01953125 0.05
1 0.1890625 0.94453125 0.0625 0.04453125