1 0.48671875 0.30078125 0.028125 0.03203125
1 0.55 0.421875 0.03671875 0.08046875
1 0.4734375 0.43984375 0.03125 0.0375
1 0.4171875 0.45859375 0.028125 0.121875
1 0.8265625 0.45234375 0.01484375 0.04609375
1 0.7875 0.49765625 0.01953125 0.04296875
1 0.8328125 0.60859375 0.02421875 0.0390625
1 0.7953125 0.678125 0.01640625 0.028125
1 0.89609375 0.5328125 0.0234375 0.03203125
1 0.32265625 0.828125 0.0234375 0.05390625
1 0.45625 0.8140625 0.01796875 0.028125
1 0.5171875 0.871875 0.02890625 0.03359375
1 0.5765625 0.95703125 0.0421875 0.075
1 0.3953125 0.9296875 0.06640625 0.04296875
1 0.1703125 0.89140625 0.03359375 0.0609375
1 0.0421875 0.834375 0.03203125 0.0484375
1 0.2203125 0.64453125 0.015625 0.04140625
1 0.1109375 0.47421875 0.01953125 0.0515625
1 0.1359375 0.78125 0.01640625 0.0375