1 0.2421875 0.4390625 0.0171875 0.0390625
1 0.1625 0.421875 0.03203125 0.03046875
1 0.1140625 0.365625 0.0234375 0.028125
1 0.13671875 0.38125 0.009375 0.02890625
1 0.06015625 0.33828125 0.025 0.05703125
1 0.0515625 0.13828125 0.0171875 0.0375
1 0.2828125 0.0515625 0.0234375 0.05859375
1 0.31875 0.49140625 0.01484375 0.0359375
1 0.32109375 0.540625 0.0125 0.0359375
1 0.3421875 0.5828125 0.0265625 0.034375
1 0.4140625 0.46796875 0.03671875 0.0609375
1 0.4859375 0.6390625 0.0234375 0.04140625
1 0.36875 0.815625 0.04140625 0.0359375
1 0.0296875 0.7390625 0.0171875 0.03359375
1 0.01015625 0.74140625 0.01875 0.021875
1 0.60390625 0.790625 0.0140625 0.01640625
1 0.71015625 0.740625 0.0171875 0.034375
1 0.93828125 0.45 0.0296875 0.053125
1 0.871875 0.41328125 0.0234375 0.03203125
1 0.85859375 0.2890625 0.0265625 0.03359375
1 0.58125 0.35703125 0.02109375 0.025