1 0.3234375 0.5234375 0.0140625 0.046875
1 0.4625 0.296875 0.0171875 0.04140625
1 0.521875 0.28984375 0.0125 0.03203125
1 0.51796875 0.37734375 0.01875 0.0484375
1 0.315625 0.84375 0.0265625 0.03203125
1 0.3484375 0.88203125 0.0140625 0.04140625
1 0.2421875 0.878125 0.01953125 0.0390625
1 0.10625 0.1765625 0.03671875 0.0390625
1 0.2546875 0.265625 0.03671875 0.03359375
1 0.38125 0.17734375 0.0546875 0.0484375
1 0.53984375 0.18984375 0.03125 0.059375
1 0.7984375 0.034375 0.01796875 0.034375
1 0.775 0.359375 0.0515625 0.115625