1 0.265625 0.5734375 0.01796875 0.03046875
1 0.58671875 0.5828125 0.0578125 0.090625
1 0.63515625 0.41171875 0.0265625 0.0375
1 0.7328125 0.484375 0.028125 0.04140625
1 0.98828125 0.171875 0.0203125 0.0234375
1 0.93203125 0.025 0.0390625 0.0390625
1 0.6828125 0.14296875 0.02421875 0.03359375
1 0.6234375 0.303125 0.01875 0.028125
1 0.54453125 0.31640625 0.0328125 0.03046875
1 0.54375 0.41640625 0.01796875 0.06640625
1 0.3046875 0.384375 0.02265625 0.03359375
1 0.0828125 0.221875 0.0140625 0.03359375
1 0.3078125 0.075 0.01328125 0.03359375