1 0.07109375 0.90546875 0.025 0.0640625
1 0.2234375 0.82578125 0.02890625 0.1265625
1 0.246875 0.7109375 0.01171875 0.053125
1 0.3453125 0.79296875 0.02578125 0.0359375
1 0.4359375 0.77421875 0.05390625 0.04296875
1 0.559375 0.784375 0.02578125 0.0359375
1 0.53515625 0.865625 0.03125 0.05703125
1 0.6390625 0.9640625 0.02265625 0.0359375
1 0.8515625 0.81484375 0.015625 0.0484375
1 0.778125 0.1171875 0.021875 0.0515625
1 0.9703125 0.1609375 0.01875 0.0359375
1 0.5546875 0.515625 0.0203125 0.04140625