1 0.7109375 0.28046875 0.03984375 0.03046875
1 0.7609375 0.25546875 0.03671875 0.0390625
1 0.759375 0.34140625 0.02109375 0.03359375
1 0.73125 0.32109375 0.02734375 0.05
1 0.81171875 0.11796875 0.025 0.04453125
1 0.72890625 0.159375 0.0203125 0.028125
1 0.40625 0.42109375 0.01328125 0.0609375
1 0.46796875 0.53515625 0.025 0.04296875
1 0.30625 0.5203125 0.01953125 0.040625
1 0.071875 0.7234375 0.01640625 0.0390625
1 0.0375 0.2984375 0.02109375 0.053125
1 0.146875 0.36953125 0.01796875 0.03359375
1 0.0484375 0.153125 0.01953125 0.05546875
1 0.0625 0.946875 0.02109375 0.06640625