1 0.5515625 0.72421875 0.040625 0.05625
1 0.6046875 0.65546875 0.034375 0.06484375
1 0.8640625 0.39765625 0.040625 0.05
1 0.71875 0.321875 0.034375 0.04765625
1 0.4015625 0.31640625 0.03125 0.05390625
1 0.41484375 0.40703125 0.0234375 0.03515625
1 0.21796875 0.27265625 0.0296875 0.05390625
1 0.1 0.64140625 0.03125 0.0625
1 0.08515625 0.08671875 0.0390625 0.04375
1 0.025 0.06328125 0.028125 0.03984375
1 0.52578125 0.06328125 0.0359375 0.06484375
1 0.67265625 0.07734375 0.0421875 0.05390625
1 0.8234375 0.078125 0.034375 0.06484375
1 0.8796875 0.06640625 0.034375 0.0625
1 0.9375 0.07734375 0.04375 0.05859375