1 0.66875 0.0328125 0.03359375 0.0328125
1 0.69453125 0.08984375 0.04296875 0.015625
1 0.65234375 0.27265625 0.028125 0.028125
1 0.6671875 0.29921875 0.01171875 0.02734375
1 0.36796875 0.37578125 0.034375 0.01015625
1 0.34140625 0.24609375 0.0109375 0.034375
1 0.3203125 0.0453125 0.0375 0.01015625
1 0.04765625 0.690625 0.01875 0.03125
1 0.0390625 0.228125 0.02265625 0.02421875
0 0.446875 0.6546875 0.053125 0.046875
0 0.44140625 0.55625 0.071875 0.01875
0 0.496875 0.41796875 0.028125 0.04375
0 0.4640625 0.26796875 0.04296875 0.04375
0 0.51875 0.26640625 0.04765625 0.04296875