1 0.04921875 0.79296875 0.05625 0.05625
1 0.4515625 0.57734375 0.059375 0.0375
1 0.74296875 0.85390625 0.0578125 0.1265625
1 0.709375 0.2796875 0.04921875 0.05234375
1 0.59921875 0.0609375 0.0390625 0.04140625
1 0.5875 0.1515625 0.03671875 0.084375
0 0.5421875 0.1703125 0.021875 0.14921875
0 0.4328125 0.1703125 0.12109375 0.1015625
0 0.29609375 0.19375 0.06171875 0.09765625
0 0.1765625 0.21171875 0.075 0.07578125
0 0.059375 0.20703125 0.04375 0.1109375
1 0.14453125 0.08046875 0.040625 0.04375
1 0.02578125 0.0703125 0.03515625 0.02421875