1 0.375 0.48671875 0.028125 0.0296875
1 0.49140625 0.4078125 0.01328125 0.0375
1 0.27734375 0.45703125 0.03203125 0.02265625
1 0.1890625 0.496875 0.021875 0.0359375
1 0.21640625 0.503125 0.02734375 0.025
1 0.08125 0.4296875 0.034375 0.02265625
1 0.609375 0.6875 0.03125 0.03046875
1 0.784375 0.69140625 0.0359375 0.03359375
1 0.78984375 0.7234375 0.0296875 0.03046875
1 0.921875 0.69921875 0.02578125 0.02265625
1 0.76328125 0.4296875 0.02421875 0.03046875
1 0.63046875 0.42578125 0.0328125 0.0171875