1 0.5796875 0.275 0.02578125 0.04296875
1 0.5 0.35703125 0.03203125 0.04140625
1 0.228125 0.61171875 0.03125 0.0640625
1 0.321875 0.55390625 0.0421875 0.03828125
1 0.35078125 0.578125 0.025 0.03359375
1 0.59765625 0.5578125 0.028125 0.03828125
1 0.659375 0.6125 0.0171875 0.03359375
1 0.571875 0.646875 0.01875 0.0296875
1 0.83046875 0.55546875 0.02890625 0.07578125
1 0.26875 0.9296875 0.03125 0.04375
1 0.146875 0.95390625 0.0328125 0.03828125
1 0.59375 0.93828125 0.021875 0.03984375
1 0.62265625 0.97109375 0.02578125 0.03046875