1 0.1578125 0.075 0.0359375 0.028125
1 0.14375 0.1328125 0.034375 0.02265625
1 0.15 0.1796875 0.03046875 0.028125
1 0.16171875 0.325 0.034375 0.028125
1 0.1484375 0.47578125 0.0359375 0.02578125
1 0.1109375 0.9390625 0.034375 0.02421875
1 0.16796875 0.9671875 0.034375 0.01796875
1 0.1828125 0.903125 0.0296875 0.028125
1 0.42890625 0.08984375 0.0359375 0.02578125
1 0.4625 0.13515625 0.0375 0.021875
1 0.38984375 0.29921875 0.025 0.028125
1 0.415625 0.4109375 0.03984375 0.028125
1 0.40234375 0.60078125 0.03203125 0.02734375
1 0.36796875 0.771875 0.04296875 0.02109375
1 0.70625 0.86171875 0.03828125 0.025
1 0.759375 0.44609375 0.03046875 0.02578125
1 0.721875 0.39453125 0.046875 0.03125
1 0.728125 0.1140625 0.034375 0.02421875