1 0.39921875 0.7796875 0.04375 0.0703125
1 0.69140625 0.79296875 0.04140625 0.06484375
1 0.82109375 0.85546875 0.05390625 0.06484375
1 0.56328125 0.76328125 0.02265625 0.03671875
1 0.56171875 0.81640625 0.05625 0.07578125
1 0.5 0.56484375 0.0375 0.05234375
1 0.78046875 0.5703125 0.03515625 0.05234375
1 0.84140625 0.5625 0.04140625 0.04140625
1 0.89296875 0.5625 0.04375 0.046875
1 0.56484375 0.225 0.0375 0.06015625
1 0.07421875 0.603125 0.03984375 0.0390625
1 0.015625 0.57265625 0.03125 0.04140625
1 0.05078125 0.52890625 0.03515625 0.04140625