1 0.18984375 0.296875 0.0234375 0.02734375
1 0.14765625 0.39921875 0.0109375 0.01875
1 0.16171875 0.41796875 0.0140625 0.02265625
1 0.2625 0.346875 0.015625 0.03125
1 0.06171875 0.53046875 0.0171875 0.03125
1 0.72109375 0.421875 0.0109375 0.02734375
1 0.73984375 0.48515625 0.0171875 0.02109375
1 0.88515625 0.35078125 0.0171875 0.03125
1 0.8125 0.27421875 0.01875 0.02734375
1 0.890625 0.45703125 0.021875 0.01875
1 0.875 0.40234375 0.0125 0.03359375
1 0.87734375 0.49765625 0.0140625 0.02890625
1 0.8203125 0.49765625 0.015625 0.03359375
1 0.40078125 0.503125 0.0171875 0.02265625
1 0.6078125 0.421875 0.015625 0.01484375
0 0.33671875 0.41953125 0.0921875 0.10625
1 0.29609375 0.034375 0.0421875 0.04375