1 0.28203125 0.4703125 0.03203125 0.053125
1 0.15234375 0.5 0.0296875 0.04765625
1 0.08828125 0.5796875 0.03828125 0.03359375
1 0.61171875 0.496875 0.02109375 0.03359375
1 0.640625 0.50703125 0.034375 0.03359375
1 0.95234375 0.51171875 0.03203125 0.05078125
1 0.71796875 0.66171875 0.034375 0.028125
1 0.759375 0.7859375 0.0296875 0.03359375
1 0.834375 0.7515625 0.03203125 0.03359375
1 0.4109375 0.83671875 0.01796875 0.04921875
1 0.321875 0.75 0.02265625 0.03828125
1 0.25390625 0.79140625 0.02578125 0.03828125
1 0.23125 0.15 0.0390625 0.0625
1 0.3546875 0.10234375 0.02578125 0.0375
1 0.58203125 0.175 0.02421875 0.0296875
1 0.67265625 0.1609375 0.02109375 0.0359375
1 0.609375 0.07578125 0.025 0.0375
1 0.83671875 0.08359375 0.03828125 0.0703125