1 0.21328125 0.33125 0.015625 0.03828125
1 0.284375 0.309375 0.03515625 0.02109375
1 0.378125 0.33828125 0.0359375 0.015625
1 0.5046875 0.26953125 0.01328125 0.034375
1 0.7515625 0.29296875 0.02890625 0.03984375
1 0.10625 0.2734375 0.034375 0.02421875
0 0.3 0.4515625 0.0421875 0.0703125
0 0.56328125 0.46171875 0.09296875 0.0359375
0 0.6203125 0.49453125 0.06484375 0.0375
0 0.71484375 0.43828125 0.08828125 0.10234375
0 0.81484375 0.459375 0.078125 0.025
0 0.87421875 0.43125 0.0796875 0.046875
0 0.88671875 0.5203125 0.0921875 0.04296875
1 0.91484375 0.575 0.0390625 0.01484375
1 0.59765625 0.5296875 0.0328125 0.03359375