1 0.0265625 0.5796875 0.02265625 0.01328125
1 0.071875 0.64296875 0.00703125 0.034375
1 0.103125 0.7234375 0.02890625 0.025
1 0.4265625 0.9453125 0.03125 0.01328125
1 0.6453125 0.95546875 0.025 0.0359375
1 0.68203125 0.93984375 0.03203125 0.01875
1 0.7140625 0.9234375 0.0203125 0.03828125
1 0.9390625 0.6890625 0.02421875 0.02421875
1 0.88203125 0.70625 0.01171875 0.03359375
1 0.821875 0.69375 0.02734375 0.01484375
1 0.68984375 0.72109375 0.025 0.0265625
1 0.53671875 0.7015625 0.02734375 0.01875
1 0.9 0.409375 0.028125 0.0109375
1 0.59765625 0.30703125 0.028125 0.0171875
1 0.26875 0.315625 0.015625 0.01875
1 0.240625 0.34921875 0.03203125 0.0109375
1 0.20859375 0.29921875 0.01328125 0.0171875
0 0.54921875 0.47578125 0.0109375 0.05859375
0 0.51796875 0.4609375 0.05 0.025
0 0.7078125 0.4890625 0.015625 0.0796875