1 0.03515625 0.57265625 0.02265625 0.03359375
1 0.08984375 0.634375 0.02890625 0.0375
1 0.11484375 0.709375 0.03125 0.03203125
1 0.059375 0.6859375 0.02734375 0.03046875
1 0.534375 0.66953125 0.02421875 0.04296875
1 0.67578125 0.69296875 0.028125 0.0359375
1 0.8109375 0.665625 0.02421875 0.04296875
1 0.86015625 0.65546875 0.02578125 0.03828125
1 0.91484375 0.66171875 0.03515625 0.034375
1 0.90546875 0.92890625 0.03125 0.0359375
1 0.85859375 0.9578125 0.0328125 0.0359375
1 0.70703125 0.90234375 0.02421875 0.0375
1 0.59375 0.93828125 0.025 0.05234375
1 0.4265625 0.90546875 0.02734375 0.034375
1 0.2421875 0.878125 0.02265625 0.04140625
1 0.22734375 0.3296875 0.01796875 0.03828125
1 0.2953125 0.3359375 0.0140625 0.04296875
1 0.59296875 0.30625 0.02578125 0.06015625