1 0.16484375 0.41640625 0.025 0.03671875
1 0.21640625 0.41640625 0.02109375 0.03671875
1 0.15 0.45859375 0.0375 0.02578125
1 0.17578125 0.51328125 0.01875 0.03671875
1 0.15390625 0.56484375 0.03359375 0.03671875
1 0.23359375 0.61953125 0.03359375 0.02109375
1 0.44921875 0.56484375 0.03125 0.02578125
1 0.43984375 0.48671875 0.02890625 0.02109375
1 0.34609375 0.478125 0.02890625 0.02890625
1 0.31953125 0.48984375 0.02265625 0.03125
1 0.29453125 0.4359375 0.02734375 0.0234375
1 0.29140625 0.41796875 0.02109375 0.0234375
1 0.73828125 0.8140625 0.03125 0.0390625
1 0.85859375 0.59140625 0.02890625 0.03125
1 0.91640625 0.62890625 0.01640625 0.02890625
1 0.9 0.48984375 0.02109375 0.02578125
1 0.88125 0.47265625 0.02109375 0.02890625
0 0.69453125 0.4828125 0.09375 0.11171875