1 0.5265625 0.64296875 0.040625 0.06484375
1 0.671875 0.65625 0.05625 0.05390625
1 0.8203125 0.64453125 0.04375 0.06875
1 0.8796875 0.62578125 0.040625 0.05234375
1 0.93515625 0.64296875 0.0515625 0.05625
1 0.596875 0.26171875 0.0375 0.07734375
1 0.05703125 0.596875 0.0359375 0.05234375
1 0.021875 0.646875 0.034375 0.04765625
1 0.0828125 0.68125 0.04375 0.04609375
1 0.221875 0.83203125 0.053125 0.08125
1 0.4015625 0.86953125 0.046875 0.06484375
1 0.71015625 0.890625 0.0421875 0.05625
1 0.56875 0.89609375 0.059375 0.07109375
1 0.90234375 0.34453125 0.0421875 0.06015625