1 0.56015625 0.71953125 0.01015625 0.01484375
1 0.6125 0.71015625 0.02734375 0.04921875
1 0.59140625 0.3296875 0.009375 0.0265625
1 0.83046875 0.10703125 0.00703125 0.02265625
0 0.89296875 0.51484375 0.03828125 0.03984375
0 0.72265625 0.5203125 0.01875 0.04375
0 0.69921875 0.5125 0.028125 0.046875
0 0.60390625 0.49375 0.02578125 0.025
0 0.4796875 0.51875 0.015625 0.03984375
0 0.45625 0.521875 0.01015625 0.04140625
0 0.44921875 0.4875 0.0390625 0.02265625
0 0.3546875 0.490625 0.0328125 0.02421875
0 0.3296875 0.49921875 0.0140625 0.046875
0 0.27109375 0.5203125 0.01796875 0.06015625
0 0.23515625 0.51875 0.0171875 0.0265625
0 0.21328125 0.4875 0.0171875 0.01484375
0 0.184375 0.46953125 0.01171875 0.04765625
0 0.159375 0.475 0.0328125 0.03984375
0 0.13671875 0.5234375 0.034375 0.046875