1 0.559375 0.715625 0.0328125 0.046875
1 0.715625 0.31953125 0.02578125 0.04140625
1 0.871875 0.3984375 0.034375 0.034375
1 0.4140625 0.30703125 0.0296875 0.03828125
1 0.425 0.39609375 0.0203125 0.0265625
1 0.22265625 0.25859375 0.02578125 0.04296875
1 0.03515625 0.04921875 0.02578125 0.03203125
1 0.09609375 0.0640625 0.03203125 0.034375
1 0.53828125 0.06015625 0.02421875 0.04765625
1 0.68984375 0.0796875 0.0328125 0.04296875
1 0.834375 0.07890625 0.025 0.04765625
1 0.8875 0.07265625 0.02890625 0.03828125
1 0.94375 0.08359375 0.034375 0.0359375
1 0.103125 0.63125 0.02890625 0.04921875