1 0.55546875 0.21015625 0.040625 0.03046875
1 0.17578125 0.5828125 0.04921875 0.04296875
1 0.22109375 0.9140625 0.01171875 0.0703125
1 0.09375 0.9484375 0.0203125 0.06015625
1 0.54765625 0.6140625 0.03984375 0.02265625
1 0.66015625 0.5859375 0.028125 0.04921875
1 0.828125 0.50859375 0.05625 0.046875
1 0.48046875 0.31171875 0.0328125 0.04140625
1 0.58125 0.51171875 0.02890625 0.03359375
0 0.140625 0.31015625 0.059375 0.10546875
0 0.4828125 0.37421875 0.0609375 0.06796875
0 0.7359375 0.425 0.021875 0.09296875