1 0.60234375 0.2296875 0.01875 0.05234375
1 0.125 0.6046875 0.02421875 0.03046875
1 0.54296875 0.584375 0.02421875 0.0359375
1 0.6828125 0.6078125 0.02265625 0.03203125
1 0.81640625 0.59296875 0.02265625 0.03359375
1 0.865625 0.5796875 0.021875 0.0359375
1 0.91953125 0.59765625 0.02734375 0.0265625
1 0.915625 0.85703125 0.02265625 0.03984375
1 0.8703125 0.8921875 0.028125 0.03203125
1 0.7109375 0.8265625 0.02421875 0.0296875
1 0.6625 0.8 0.02734375 0.02421875
1 0.63828125 0.8140625 0.0171875 0.04140625
1 0.596875 0.85859375 0.02421875 0.0375
1 0.434375 0.821875 0.021875 0.03046875
1 0.246875 0.78828125 0.02109375 0.028125