1 0.41875 0.9578125 0.034375 0.0171875
1 0.63125 0.96171875 0.02890625 0.03828125
1 0.665625 0.94765625 0.0359375 0.02109375
1 0.69296875 0.925 0.02421875 0.0359375
1 0.74140625 0.9484375 0.0109375 0.028125
1 0.5546875 0.72578125 0.0296875 0.0203125
1 0.70703125 0.74140625 0.028125 0.02421875
1 0.8375 0.7109375 0.03125 0.0109375
1 0.89453125 0.7203125 0.01484375 0.0296875
1 0.95078125 0.7 0.02421875 0.0265625
1 0.08828125 0.68203125 0.0078125 0.03046875
1 0.11953125 0.76484375 0.03125 0.02265625
1 0.040625 0.61796875 0.025 0.01484375
1 0.9046875 0.4171875 0.0296875 0.0109375
1 0.61328125 0.32734375 0.0296875 0.0171875
1 0.28203125 0.3390625 0.015625 0.0171875
1 0.25859375 0.3765625 0.0328125 0.0171875
1 0.22265625 0.33046875 0.0109375 0.02109375
0 0.5328125 0.4796875 0.053125 0.0296875
0 0.565625 0.49609375 0.01171875 0.0640625
0 0.721875 0.51796875 0.015625 0.084375