1 0.7078125 0.3203125 0.025 0.034375
1 0.659375 0.27421875 0.03203125 0.03046875
1 0.63125 0.29609375 0.0203125 0.04765625
1 0.5765625 0.31484375 0.01484375 0.02421875
1 0.58828125 0.35 0.02421875 0.04140625
1 0.41875 0.31953125 0.02265625 0.03359375
1 0.221875 0.27265625 0.02109375 0.0359375
1 0.12109375 0.6203125 0.02421875 0.04140625
1 0.5515625 0.69921875 0.02265625 0.03359375
1 0.60234375 0.64140625 0.021875 0.0453125
1 0.87578125 0.4 0.028125 0.0375
1 0.9203125 0.36015625 0.02890625 0.03984375
1 0.89765625 0.6796875 0.01796875 0.04140625
1 0.93828125 0.6828125 0.021875 0.0296875