1 0.609375 0.275 0.02578125 0.0640625
1 0.93984375 0.66328125 0.0359375 0.0359375
1 0.884375 0.653125 0.02734375 0.034375
1 0.83203125 0.6640625 0.02578125 0.0453125
1 0.68828125 0.68515625 0.0328125 0.0375
1 0.5375 0.659375 0.02734375 0.046875
1 0.1015625 0.684375 0.03125 0.03046875
1 0.0734375 0.6140625 0.02890625 0.0359375
1 0.040625 0.66328125 0.025 0.03359375
1 0.02734375 0.54296875 0.02421875 0.04296875
1 0.28203125 0.3234375 0.015625 0.03828125
1 0.23203125 0.86875 0.02578125 0.04140625
1 0.4171875 0.8890625 0.02890625 0.0375
1 0.42890625 0.965625 0.01796875 0.02265625
1 0.58125 0.8578125 0.015625 0.025
1 0.58984375 0.92734375 0.028125 0.04921875
1 0.71171875 0.90078125 0.02578125 0.03828125
1 0.865625 0.9625 0.0328125 0.034375