1 0.25 0.06328125 0.0203125 0.028125
1 0.79375 0.07734375 0.02578125 0.0375
1 0.64375 0.38828125 0.02265625 0.028125
1 0.7359375 0.365625 0.02578125 0.04375
1 0.70390625 0.38046875 0.0359375 0.0359375
1 0.9265625 0.3421875 0.0390625 0.0359375
1 0.953125 0.6625 0.04765625 0.06640625
1 0.915625 0.63359375 0.02265625 0.0296875
1 0.8921875 0.6984375 0.028125 0.05625
1 0.81171875 0.721875 0.0203125 0.04140625
1 0.72421875 0.6546875 0.02890625 0.03203125
1 0.69296875 0.65703125 0.0203125 0.03984375
1 0.69765625 0.71328125 0.02578125 0.034375
1 0.31875 0.69765625 0.02421875 0.028125