1 0.778125 0.1578125 0.03515625 0.0546875
1 0.83671875 0.15 0.03515625 0.0390625
1 0.89140625 0.1546875 0.04140625 0.04453125
1 0.62890625 0.1546875 0.0375 0.04453125
1 0.49609375 0.13828125 0.04140625 0.05234375
1 0.06640625 0.16171875 0.04140625 0.04140625
1 0.03671875 0.08984375 0.03515625 0.04453125
1 0.38984375 0.359375 0.04609375 0.07265625
1 0.684375 0.37890625 0.03984375 0.06015625
1 0.52578125 0.72421875 0.03984375 0.05703125
1 0.57109375 0.6640625 0.04140625 0.06796875
1 0.10703125 0.646875 0.06015625 0.06015625
1 0.29140625 0.88671875 0.02109375 0.0234375
1 0.42890625 0.91796875 0.025 0.03359375
1 0.453125 0.896875 0.02265625 0.01796875
1 0.53515625 0.978125 0.03359375 0.0234375
1 0.65546875 0.93359375 0.02265625 0.02890625
1 0.73203125 0.91953125 0.03125 0.02109375