1 0.14140625 0.5109375 0.04921875 0.08515625
1 0.26640625 0.48203125 0.0609375 0.0734375
1 0.2203125 0.81171875 0.0421875 0.0625
1 0.31875 0.78671875 0.03671875 0.06640625
1 0.40625 0.875 0.02109375 0.05703125
1 0.75 0.81796875 0.0578125 0.06015625
1 0.8296875 0.7859375 0.04921875 0.0546875
1 0.9546875 0.5265625 0.05234375 0.07734375
1 0.71015625 0.68828125 0.05234375 0.0625
1 0.6078125 0.509375 0.034375 0.0453125
1 0.65078125 0.190625 0.03515625 0.053125
1 0.57265625 0.21171875 0.040625 0.0453125
1 0.5921875 0.11015625 0.0359375 0.05703125
1 0.2265625 0.18828125 0.0671875 0.07578125
1 0.2171875 0.103125 0.075 0.09765625