1 0.70546875 0.6140625 0.0390625 0.028125
0 0.91171875 0.465625 0.02734375 0.04296875
0 0.93984375 0.428125 0.034375 0.01875
0 0.778125 0.421875 0.04375 0.0171875
0 0.76484375 0.4359375 0.0421875 0.01328125
0 0.646875 0.4328125 0.040625 0.0203125
0 0.52109375 0.4265625 0.034375 0.0375
0 0.534375 0.38203125 0.02734375 0.04921875
0 0.5671875 0.43828125 0.02734375 0.028125
0 0.4703125 0.41015625 0.0109375 0.04921875
0 0.4484375 0.421875 0.02734375 0.0171875
0 0.390625 0.44765625 0.03203125 0.0203125
0 0.31328125 0.434375 0.0390625 0.0171875
0 0.09453125 0.41875 0.0171875 0.04296875