1 0.56640625 0.68828125 0.009375 0.03828125
1 0.6203125 0.63203125 0.02734375 0.05078125
1 0.91953125 0.66171875 0.0171875 0.02421875
1 0.12734375 0.60703125 0.03203125 0.01484375
1 0.403125 0.3 0.034375 0.0109375
1 0.60703125 0.29296875 0.028125 0.03359375
1 0.640625 0.2828125 0.03671875 0.01875
1 0.66640625 0.25078125 0.025 0.0375
1 0.7140625 0.3 0.01015625 0.0265625
1 0.9078125 0.35859375 0.0203125 0.0296875
1 0.53671875 0.0765625 0.0296875 0.0203125
1 0.68203125 0.0875 0.028125 0.025
1 0.8078125 0.08828125 0.0296875 0.01171875
1 0.8625 0.09609375 0.01484375 0.0375
1 0.9171875 0.0875 0.02265625 0.028125
1 0.121875 0.075 0.0296875 0.02421875
0 0.2796875 0.4734375 0.02421875 0.0796875
0 0.14921875 0.475 0.05234375 0.04921875
0 0.46328125 0.48046875 0.01484375 0.0703125