1 0.21171875 0.82109375 0.025 0.03984375
1 0.40078125 0.86171875 0.02734375 0.0359375
1 0.55859375 0.83828125 0.01484375 0.02421875
1 0.5703125 0.90234375 0.028125 0.0546875
1 0.68828125 0.8734375 0.025 0.0375
1 0.896875 0.91328125 0.0328125 0.03984375
1 0.84765625 0.94140625 0.0328125 0.0375
1 0.403125 0.93828125 0.0171875 0.02265625
1 0.90703125 0.634375 0.0359375 0.03203125
1 0.65859375 0.65234375 0.02890625 0.0375
1 0.8 0.634375 0.02421875 0.046875
1 0.85078125 0.625 0.028125 0.03828125
1 0.51484375 0.62109375 0.025 0.0453125
1 0.58046875 0.25625 0.025 0.0640625
1 0.28203125 0.28359375 0.0140625 0.04375
1 0.06796875 0.5703125 0.028125 0.0359375
1 0.01796875 0.50703125 0.021875 0.034375
1 0.0359375 0.61875 0.02421875 0.03203125
1 0.08984375 0.64296875 0.03125 0.03359375