1 0.64765625 0.03125 0.02890625 0.05234375
1 0.56171875 0.05078125 0.0328125 0.0453125
1 0.2609375 0.346875 0.04609375 0.06171875
1 0.140625 0.3703125 0.04375 0.06015625
1 0.06953125 0.46015625 0.0390625 0.0453125
1 0.30625 0.625 0.028125 0.046875
1 0.23828125 0.6703125 0.02890625 0.0453125
1 0.39453125 0.7140625 0.02109375 0.05703125
1 0.73671875 0.67109375 0.0390625 0.0546875
1 0.70859375 0.5515625 0.04296875 0.0546875
1 0.81953125 0.63359375 0.04296875 0.0453125
1 0.940625 0.3921875 0.04921875 0.06953125
1 0.58984375 0.36328125 0.025 0.03828125
1 0.62265625 0.3765625 0.03671875 0.04375