1 0.58828125 0.45390625 0.0421875 0.07890625
1 0.7109375 0.75859375 0.059375 0.08359375
1 0.8078125 0.740625 0.0625 0.09375
1 0.95546875 0.47265625 0.0703125 0.12109375
1 0.63671875 0.12890625 0.0484375 0.075
1 0.55078125 0.14375 0.0546875 0.06640625
1 0.56640625 0.04609375 0.0484375 0.09140625
1 0.20546875 0.403125 0.0671875 0.09765625
1 0.12109375 0.44140625 0.0671875 0.09140625
1 0.0328125 0.51640625 0.053125 0.06640625
1 0.240625 0.68828125 0.04375 0.06484375
1 0.29609375 0.73359375 0.0578125 0.07890625
1 0.384375 0.82578125 0.04375 0.06015625