1 0.553125 0.70078125 0.04375 0.06875
1 0.3890625 0.928125 0.021875 0.03125
1 0.45234375 0.90234375 0.0203125 0.02890625
1 0.57109375 0.95 0.0171875 0.02890625
1 0.771875 0.9 0.01875 0.02890625
1 0.71484375 0.31484375 0.0484375 0.06640625
1 0.8671875 0.39140625 0.05 0.05859375
1 0.40859375 0.29921875 0.0453125 0.06484375
1 0.121875 0.62421875 0.053125 0.07265625
1 0.53515625 0.06171875 0.0421875 0.06015625
1 0.68203125 0.071875 0.0578125 0.06875
1 0.8296875 0.06953125 0.04375 0.06875
1 0.8859375 0.06171875 0.0375 0.05234375
1 0.9453125 0.071875 0.053125 0.05625
1 0.09140625 0.08359375 0.0421875 0.05
1 0.03359375 0.05625 0.0359375 0.05390625