1 0.640625 0.3125 0.040625 0.05390625
1 0.75078125 0.29296875 0.0546875 0.06015625
1 0.6953125 0.31328125 0.05 0.07265625
1 0.953125 0.26875 0.071875 0.075
1 0.92890625 0.58515625 0.0421875 0.05390625
1 0.79375 0.84375 0.01875 0.02109375
1 0.86484375 0.91875 0.0171875 0.025
1 0.8546875 0.95390625 0.0125 0.02109375
1 0.7046875 0.98125 0.0125 0.02109375
1 0.59375 0.97578125 0.01875 0.01484375
1 0.19453125 0.84921875 0.0265625 0.01484375
1 0.1578125 0.93046875 0.01875 0.01484375
1 0.17109375 0.96171875 0.0140625 0.02265625
0 0.57890625 0.42421875 0.0890625 0.06015625