1 0.54296875 0.61171875 0.0296875 0.05625
1 0.6828125 0.62890625 0.04375 0.04609375
1 0.8296875 0.615625 0.03125 0.06015625
1 0.884375 0.60546875 0.034375 0.05234375
1 0.94140625 0.61484375 0.0421875 0.05390625
1 0.7296875 0.86484375 0.03125 0.05390625
1 0.86953125 0.92890625 0.0359375 0.05
1 0.584375 0.88671875 0.03125 0.07265625
1 0.41796875 0.85234375 0.0328125 0.05
1 0.2390625 0.825 0.03125 0.05859375
1 0.4328125 0.93125 0.025 0.04140625
1 0.08203125 0.5625 0.0265625 0.05
1 0.1078125 0.64296875 0.0375 0.04375
1 0.04453125 0.615625 0.0296875 0.04765625
1 0.03515625 0.503125 0.0296875 0.06015625
1 0.615625 0.23671875 0.028125 0.06875