1 0.0390625 0.56796875 0.021875 0.03046875
1 0.80859375 0.22109375 0.0265625 0.025
1 0.59375 0.29609375 0.01875 0.025
1 0.175 0.2640625 0.021875 0.028125
1 0.13359375 0.39296875 0.0171875 0.025
1 0.15078125 0.41953125 0.0171875 0.028125
1 0.6015625 0.40703125 0.025 0.01953125
1 0.87421875 0.49453125 0.0203125 0.03359375
1 0.88828125 0.44140625 0.0296875 0.028125
1 0.81953125 0.50546875 0.0171875 0.0390625
1 0.740625 0.48203125 0.025 0.01953125
1 0.8703125 0.3609375 0.021875 0.0390625
1 0.8828125 0.28203125 0.025 0.046875
0 0.3328125 0.4015625 0.096875 0.16953125
1 0.25546875 0.3234375 0.0203125 0.0359375
1 0.24765625 0.3015625 0.0234375 0.025