1 0.59375 0.384375 0.02421875 0.03046875
1 0.62265625 0.4046875 0.02734375 0.03046875
1 0.70625 0.5609375 0.02890625 0.03359375
1 0.73671875 0.68046875 0.02578125 0.03828125
1 0.81640625 0.64453125 0.025 0.03046875
1 0.9390625 0.41171875 0.028125 0.03984375
1 0.2703125 0.35859375 0.03203125 0.0375
1 0.14765625 0.38671875 0.03515625 0.034375
1 0.0796875 0.47109375 0.03125 0.03046875
1 0.2453125 0.67578125 0.02109375 0.03203125
1 0.31015625 0.63828125 0.02109375 0.034375
1 0.39765625 0.7203125 0.0171875 0.04375
1 0.22578125 0.04765625 0.03203125 0.06015625
1 0.5703125 0.0734375 0.01875 0.0296875
1 0.65625 0.06015625 0.01796875 0.034375