1 0.31796875 0.0515625 0.03359375 0.0390625
1 0.33828125 0.24921875 0.0359375 0.028125
1 0.3578125 0.284375 0.03828125 0.0328125
1 0.36484375 0.34140625 0.0203125 0.025
1 0.05078125 0.18828125 0.0296875 0.02734375
1 0.01796875 0.7421875 0.028125 0.02265625
1 0.6703125 0.6859375 0.02265625 0.02421875
1 0.69296875 0.29453125 0.03359375 0.02109375
1 0.6421875 0.2984375 0.03359375 0.02109375
1 0.63671875 0.2609375 0.03046875 0.02578125
1 0.709375 0.17421875 0.03984375 0.02109375
1 0.6796875 0.08828125 0.04765625 0.02734375
1 0.61953125 0.0671875 0.0203125 0.02734375
1 0.6515625 0.028125 0.0546875 0.0546875