1 0.06015625 0.15625 0.01796875 0.0265625
1 0.11328125 0.1703125 0.02265625 0.03203125
1 0.52421875 0.15625 0.02421875 0.0375
1 0.6625 0.17421875 0.02265625 0.0359375
1 0.7953125 0.16796875 0.02109375 0.034375
1 0.84453125 0.159375 0.02109375 0.0359375
1 0.8953125 0.16953125 0.02734375 0.03203125
1 0.8921875 0.4296875 0.02265625 0.03203125
1 0.8484375 0.4640625 0.025 0.0296875
1 0.915625 0.728125 0.01796875 0.0296875
1 0.87265625 0.72578125 0.015625 0.0359375
1 0.6921875 0.3921875 0.021875 0.0265625
1 0.6203125 0.37421875 0.015625 0.03828125
1 0.64453125 0.3578125 0.025 0.03046875
1 0.58125 0.425 0.02421875 0.03828125
1 0.41796875 0.39296875 0.021875 0.03046875
1 0.23515625 0.34921875 0.0203125 0.0265625
1 0.13828125 0.68671875 0.02421875 0.03203125
1 0.54921875 0.75 0.02109375 0.03046875