1 0.571875 0.365625 0.01875 0.0265625
1 0.5453125 0.38984375 0.021875 0.028125
1 0.515625 0.4078125 0.02265625 0.0296875
1 0.61015625 0.41484375 0.02109375 0.0296875
1 0.2015625 0.38671875 0.009375 0.034375
1 0.33203125 0.4265625 0.021875 0.02109375
1 0.80859375 0.459375 0.01328125 0.04375
1 0.76328125 0.471875 0.01015625 0.0375
1 0.8453125 0.73828125 0.025 0.0296875
1 0.53671875 0.7109375 0.02734375 0.034375
1 0.48125 0.7734375 0.015625 0.03984375
1 0.05 0.703125 0.021875 0.025
1 0.4546875 0.234375 0.02734375 0.0296875
1 0.0703125 0.20234375 0.0140625 0.03984375
1 0.046875 0.2375 0.01328125 0.034375
1 0.70234375 0.2359375 0.028125 0.0296875
1 0.79296875 0.23828125 0.01015625 0.046875
0 0.5828125 0.08046875 0.028125 0.0890625