1 0.58515625 0.278125 0.02265625 0.05703125
1 0.01171875 0.5484375 0.0203125 0.04140625
1 0.06328125 0.61015625 0.02265625 0.04140625
1 0.08828125 0.684375 0.02578125 0.034375
1 0.0296875 0.6640625 0.021875 0.0296875
1 0.52421875 0.65234375 0.02421875 0.0375
1 0.67109375 0.675 0.02421875 0.0375
1 0.8125 0.65234375 0.02265625 0.0375
1 0.86328125 0.63515625 0.02421875 0.03359375
1 0.9171875 0.65390625 0.03125 0.03359375
1 0.91328125 0.92265625 0.02734375 0.0375
1 0.86796875 0.96171875 0.02578125 0.03359375
1 0.70234375 0.89609375 0.02578125 0.03203125
1 0.653125 0.86875 0.03125 0.03359375
1 0.62734375 0.8859375 0.01796875 0.04375
1 0.571875 0.8609375 0.01796875 0.0203125
1 0.58359375 0.9328125 0.02734375 0.04140625
1 0.2171875 0.8734375 0.02109375 0.034375
1 0.4140625 0.89609375 0.02421875 0.03203125